0,0,0,0,0,0,0,0,0,0,0,0,0,0,0,0,0,0,0,0,0,0,0,0,0,0,0,0,0,0,0,0,0,0,0,0,0,0,0,0,0,0,0,0,0,0,0,0,0
0,0,0,0,0,0,0,0,0,0,0,0,0,0,0,0,0,0,0,0,0,0,0,0,0,0,0,0,0,0,0,0,0,0,0,0,0,0,0,0,0,0,0,0,0,0,0,0,0
0.446877638557728,0.45602682139651,0.475147267903478,0.489246671506232,0.511082215042703,0.528196620829198,0.603470940522166,0.700738521368383,0.708147193530229,0.720769183394576,0.837051605045272,1.01743684648516,1.23556861129978,1.39629002390239,1.48404625650746,1.50053598981552,1.5573414589255,1.53898830488038,1.5346688187974,1.54743450025601,1.56996126822505,1.59572734458297,1.61872547327428,1.63087172937717,1.63179177527037,1.63274192028583,1.63346815961935,1.63408830895689,1.63478601274154,1.6352057302408,1.63563853016656,1.6366067854824,1.63363883977664,1.62647488546505,1.61762151279366,1.60993039553069,1.60326345808134,1.59595499866469,1.58826833377952,1.58029224889691,1.57211377388058,1.56382234285437,1.55533600458472,1.54691599258023,1.5386518931313,1.53877543498138,1.53868069615152,1.53875867305259,1.53867733314202
0,0,0,0,0,0,0,0,0,0,0,0,0,0,0,0,0,0,0,0,0,0,0,0,0,0,0,0,0,0,0,0,0,0,0,0,0,0,0,0,0,0,0,0,0,0,0,0,0
5.72620437032334,5.74960430654681,5.69137495324845,5.86949488409889,6.12198583171754,6.32692146553591,5.86506227578447,4.21660867278359,4.00600342151411,4.0281677611138,4.26804423338044,3.93557579751099,3.56342774438601,3.0248303741635,2.73326142216676,2.53672209128162,2.15015177791805,1.99849715656916,1.87404263551192,1.74958811574944,1.62513359598696,1.50067907492971,1.40111545834287,1.38867000675505,1.37622455516723,1.36377910228465,1.35133365069683,1.33888819910901,1.32644274622643,1.31399729463861,1.25177003436894,1.12731551408856,1.00286099380817,0.878406473527786,0.753951953247401,0.629497432967016,0.505042912557154,0.380588392276769,0.256133871996383,0.131679351715998,0.131679351715998,0.131679351715998,0.131679351715998,0.131679351715998,0.131679351715998,0.131679351715998,0.131679351715998,0.131679351715998,0.131679351715998
0.984019611948904,0.99279844483382,1.1084162038335,1.09382737858431,1.10998567415656,1.13119126744113,1.17650809732035,1.18038511864173,1.17570736521387,1.1793206289054,1.20920981356267,1.19396723678767,1.14570205859383,0.992220809459965,0.866360980954831,0.766153934287853,0.701113350452209,0.629842426739725,0.611926875024827,0.59401132330993,0.57609577175866,0.558180220043763,0.543847778737296,0.542056223614895,0.540264668328865,0.538473113206464,0.536681558084063,0.534890002798033,0.533098447675632,0.531306892553231,0.522349116777596,0.504433565062699,0.486518013347801,0.468602461796532,0.450686910081634,0.432771358366737,0.414855806815468,0.39694025510057,0.379024703385672,0.361109151834403,0.361109151834403,0.361109151834403,0.361109151834403,0.361109151834403,0.361109151834403,0.361109151834403,0.361109151834403,0.361109151834403,0.361109151834403
2.71439401704182,2.7675712278891,3.12608693117139,3.11125802560863,3.18781223060686,3.26207740715455,3.59561790986502,4.01392943694684,4.04065103113602,4.05909706044367,4.21040381098163,4.37704399567309,4.47144467531791,4.10605890149715,3.76994410919949,3.49105254164173,3.33478243513809,3.08198822114982,2.94507759190681,2.80816696521725,2.6712563385277,2.53434571005072,2.42481720818839,2.41112614526409,2.39743508259513,2.38374401992617,2.37005295700187,2.35636189433292,2.34267083166396,2.32897976873966,2.26052445513954,2.1236138274286,1.98670319997301,1.84979257251741,1.71288194480647,1.57597131735088,1.43906068989529,1.30215006218435,1.16523943472876,1.02832880727317,1.02832880727317,1.02832880727317,1.02832880727317,1.02832880727317,1.02832880727317,1.02832880727317,1.02832880727317,1.02832880727317,1.02832880727317
6.79230076011152,6.88639793911264,7.04709890236765,7.25374664998926,7.64989696041745,7.91172249146334,8.59424522112032,8.99333574248565,8.98790833371861,9.04628216141888,9.55839429390798,9.46048032468632,9.50272284996269,8.939815294127,8.37774160504052,8.26470933795593,8.04034720110428,7.52241681332983,7.12315126608964,6.72388571566923,6.32462016842904,5.92535461800863,5.60594217894439,5.56601562644653,5.52608907076845,5.48616251509036,5.44623595941227,5.40630940691442,5.36638285123633,5.32645629555824,5.12682352034803,4.72755797310785,4.32829242268743,3.92902687544725,3.52976132502683,3.13049577746863,2.73123022863833,2.33196468012605,1.93269913129575,1.53343358246545,1.53343358246545,1.53343358246545,1.53343358246545,1.53343358246545,1.53343358246545,1.53343358246545,1.53343358246545,1.53343358246545,1.53343358246545
0.130041123190242,0.136937457085299,0.14915622044764,0.156699851523893,0.166298854388697,0.176134029796684,0.201468491261559,0.202852524696858,0.200481404829801,0.201455943577322,0.20951768533247,0.216236106027797,0.213562522470167,0.212992755581878,0.205304876618677,0.191770670973396,0.167893813510187,0.147164776481189,0.141834246225007,0.136503715968825,0.131173185712643,0.125842655456462,0.121578231240413,0.121045178248103,0.12051212520028,0.119979072152456,0.119446019160146,0.118912966112322,0.118379913120012,0.117846860072189,0.115181594944098,0.109851064687916,0.104520534431734,0.0991900041755522,0.0938594739193703,0.0885289436631884,0.0831984134070066,0.0778678831508247,0.0725373528946428,0.0672068226384609,0.0672068226384609,0.0672068226384609,0.0672068226384609,0.0672068226384609,0.0672068226384609,0.0672068226384609,0.0672068226384609,0.0672068226384609,0.0672068226384609
0.109823089147352,0.112091811290827,0.140472767553184,0.147344234577013,0.142804572349841,0.148730289143788,0.171330305050026,0.195747888036886,0.197824005807713,0.199158222368846,0.211000335943401,0.21659646669731,0.210469031439549,0.206353859799748,0.197052666680877,0.183936308526638,0.172405912462249,0.159707365790315,0.156897384297673,0.154087402805031,0.151277421422231,0.148467439929589,0.146219454779413,0.14593845660818,0.145657458436947,0.145376460265715,0.145095462204325,0.144814464033092,0.144533465861859,0.144252467690627,0.142847476944306,0.140037495561506,0.137227514068864,0.134417532576222,0.131607551193423,0.128797569700781,0.125987588208139,0.12317760682534,0.120367625332698,0.117557643840056,0.117557643840056,0.117557643840056,0.117557643840056,0.117557643840056,0.117557643840056,0.117557643840056,0.117557643840056,0.117557643840056,0.117557643840056
0,0,0,0,0,0,0,0,0,0,0,0,0,0,0,0,0,0,0,0,0,0,0,0,0,0,0,0,0,0,0,0,0,0,0,0,0,0,0,0,0,0,0,0,0,0,0,0,0
0,0,0,0,0,0,0,0,0,0,0,0,0,0,0,0,0,0,0,0,0,0,0,0,0,0,0,0,0,0,0,0,0,0,0,0,0,0,0,0,0,0,0,0,0,0,0,0,0
0,0,0,0,0,0,0,0,0,0,0,0,0,0,0,0,0,0,0,0,0,0,0,0,0,0,0,0,0,0,0,0,0,0,0,0,0,0,0,0,0,0,0,0,0,0,0,0,0
0,0,0,0,0,0,0,0,0,0,0,0,0,0,0,0,0,0,0,0,0,0,0,0,0,0,0,0,0,0,0,0,0,0,0,0,0,0,0,0,0,0,0,0,0,0,0,0,0
0,0,0,0,0,0,0,0,0,0,0,0,0,0,0,0,0,0,0,0,0,0,0,0,0,0,0,0,0,0,0,0,0,0,0,0,0,0,0,0,0,0,0,0,0,0,0,0,0
0,0,0,0,0,0,0,0,0,0,0,0,0,0,0,0,0,0,0,0,0,0,0,0,0,0,0,0,0,0,0,0,0,0,0,0,0,0,0,0,0,0,0,0,0,0,0,0,0
0,0,0,0,0,0,0,0,0,0,0,0,0,0,0,0,0,0,0,0,0,0,0,0,0,0,0,0,0,0,0,0,0,0,0,0,0,0,0,0,0,0,0,0,0,0,0,0,0
0,0,0,0,0,0,0,0,0,0,0,0,0,0,0,0,0,0,0,0,0,0,0,0,0,0,0,0,0,0,0,0,0,0,0,0,0,0,0,0,0,0,0,0,0,0,0,0,0
0,0,0,0,0,0,0,0,0,0,0,0,0,0,0,0,0,0,0,0,0,0,0,0,0,0,0,0,0,0,0,0,0,0,0,0,0,0,0,0,0,0,0,0,0,0,0,0,0
0,0,0,0,0,0,0,0,0,0,0,0,0,0,0,0,0,0,0,0,0,0,0,0,0,0,0,0,0,0,0,0,0,0,0,0,0,0,0,0,0,0,0,0,0,0,0,0,0
0,0,0,0,0,0,0,0,0,0,0,0,0,0,0,0,0,0,0,0,0,0,0,0,0,0,0,0,0,0,0,0,0,0,0,0,0,0,0,0,0,0,0,0,0,0,0,0,0
0,0,0,0,0,0,0,0,0,0,0,0,0,0,0,0,0,0,0,0,0,0,0,0,0,0,0,0,0,0,0,0,0,0,0,0,0,0,0,0,0,0,0,0,0,0,0,0,0
0,0,0,0,0,0,0,0,0,0,0,0,0,0,0,0,0,0,0,0,0,0,0,0,0,0,0,0,0,0,0,0,0,0,0,0,0,0,0,0,0,0,0,0,0,0,0,0,0
0.382397008837713,0.393263638312065,0.390816922722766,0.401494301234642,0.398237098905422,0.4176665050758,0.459968731373423,0.494230065958488,0.486366297268998,0.491662783898454,0.49082637027378,0.552813734072063,0.631236348659384,0.744574401861597,0.907120771980358,1.23059870840628,1.17649132537714,1.09218573866076,1.03210121851176,0.994355351319897,0.905260233252588,0.806524738129139,0.744419905556535,0.720891584034541,0.716060574331375,0.711389076832714,0.70619741493059,0.700395326639447,0.695116492649107,0.68932692177224,0.6725825528439,0.634479985136968,0.599033987474865,0.573201437051805,0.538336959702238,0.500782407406039,0.461666002844505,0.437217441194364,0.417561393836926,0.403563737841929,0.391023245814636,0.380266550075354,0.371084449920201,0.361682561266543,0.351948914683909,0.35212106316016,0.351922421868772,0.352255711428683,0.352067808310922
0.44318171684523,0.412513781882951,0.402716482482098,0.435609546252203,0.40279346492018,0.36648723163212,0.377729564133538,0.364837131629829,0.35522110689117,0.277231166813786,0.161635909257975,0.165263351270393,0.150872599683427,0.123260767721739,0.0324275290356798,-0.334030055384615,-0.2413667156,-0.368441128276458,-0.470396578597122,-0.521145048537634,0,0,0,0,0,0,0,0,0,0,0,0,0,0,0,0,0,0,0,0,0,0,0,0,0,0,0,0,0
41.3975045442741,41.6756126329167,42.9540488660132,43.7640576625894,45.2402565684461,46.2706599697739,49.1763271854053,50.8212743426759,50.7539804878862,50.9337663096917,52.7781854010518,55.9979948141193,58.430595905113,67.2188043639417,71.394549622807,70.7906103216297,68.9161929107878,68.1036178589835,67.9129774780269,68.4782315706118,69.4678078024648,70.6082587807058,71.6260654236642,72.1683607965827,72.2114070430903,72.2480220400944,72.2824928367826,72.3128100425287,72.3391462546313,72.3614943455676,72.3803308900537,72.4214230537931,72.2890565131146,71.9692395777833,71.5800621699029,71.2399930253178,70.9429603979553,70.6231908652161,70.2847372190087,69.9317307931329,69.5680517855604,69.1978585285891,68.8252302137885,68.4543221876898,68.088952224374,68.0889299103981,68.088960241037,68.0889867096672,68.0889418457802
0.856418752218435,0.869862757775007,0.897904943780837,0.911484969111164,0.938353047375697,0.956885175187267,0.949106969784398,0.994228160617679,0.999808746811895,0.997362901647903,0.985002325219707,1.06558783939081,1.18475314861014,1.29109841569781,1.34354998549523,1.36458382263473,1.34226187559304,1.31632714180865,1.30153446869599,1.29729038475679,1.29484086322064,1.29331267404219,1.29143745161308,1.2890007872084,1.28871905035304,1.28820432029954,1.28785749850403,1.2874109316337,1.28699728314558,1.28657962002023,1.28615776001544,1.28397912832077,1.27920230969858,1.2737142155966,1.26733260381094,1.25987523213776,1.25141221137991,1.24210987315355,1.23211809557822,1.22158675677286,1.2106657348573,1.19950490795063,1.1882541541724,1.17706335164171,1.16608237847837,1.16608237847837,1.16608237847837,1.16608237847837,1.16608237847837
4.69871303187518,4.04348874087706,3.91754773544629,3.95327652142119,4.03360670311113,4.07696195104654,3.77137949773973,2.67530794686292,2.53753012302696,2.56000277965716,2.80005390969392,2.66599796406929,2.47952538699438,2.17327305316347,2.00137096548653,1.83825705630371,1.63566007207787,1.5203720390206,1.42569230764186,1.33101257724813,1.2363328468544,1.14165311547566,1.06590933056967,1.0564413578258,1.04697338508193,1.03750541135305,1.02803743860918,1.01856946586531,1.00910149213643,0.999633519392561,0.952293653900194,0.85761392311246,0.762934192324726,0.668254461536992,0.573574730749258,0.478894999961524,0.38421526907529,0.289535538287556,0.194855807499822,0.100176076712088,0.100176076712088,0.100176076712088,0.100176076712088,0.100176076712088,0.100176076712088,0.100176076712088,0.100176076712088,0.100176076712088,0.100176076712088
93.6553573977554,92.9632759563736,102.134458078536,99.1890408296849,99.0613062378607,99.3777318748254,89.0643887874552,64.2041633879532,61.2444514390916,60.992795905892,58.7362375140701,56.5026548686724,55.0084453067492,49.2616302844266,43.9679055278145,39.0210093527443,34.0047837768081,30.5502609398168,29.681274100356,28.8122872608951,27.943300429371,27.0743135899102,26.3791241215162,26.2922254399511,26.2053267504493,26.1184280688842,26.0315293873192,25.9446306978174,25.8577320162523,25.7708333346873,25.3363399189252,24.4673530794643,23.5983662400035,22.7293794084794,21.8603925690185,20.9914057295577,20.1224188980336,19.2534320585727,18.3844452191119,17.5154583875878,17.5154583875878,17.5154583875878,17.5154583875878,17.5154583875878,17.5154583875878,17.5154583875878,17.5154583875878,17.5154583875878,17.5154583875878
22.8156548285189,22.7765298570198,25.2058166228592,24.5853243834103,24.6944324996709,24.7808216216906,22.673227777501,16.789345466853,16.0133473310944,16.0509713270669,16.3511474849001,17.4465464408914,18.9993481601694,21.1808739555625,18.5045154384279,11.3500154935447,11.2643359105335,10.4105126640075,9.94804826203788,9.48558386869342,9.02311947534895,8.56065507596685,8.19068355956623,8.14443711936927,8.09819068003482,8.05194424070037,8.00569780050341,7.95945136116896,7.91320492183451,7.86695848163755,7.6357262841028,7.17326188730825,6.71079749137623,6.2483330954442,5.78586869864965,5.32340430271763,4.8609399067856,4.39847550999106,3.93601111405903,3.47354671812701,3.47354671812701,3.47354671812701,3.47354671812701,3.47354671812701,3.47354671812701,3.47354671812701,3.47354671812701,3.47354671812701,3.47354671812701
3.14172834037697,3.11813643423445,3.12894157913581,3.15859852446518,3.26753118900055,3.31535711282213,3.37179387596596,3.10534229462589,3.05818364007992,3.05279627466049,3.00332740999295,2.82763192047328,2.76280604392664,2.50079794181928,2.17865601427172,1.8950485747479,1.67319884137537,1.56534705343733,1.48226349619493,1.39917993829075,1.31609638104836,1.23301282314418,1.16654597708555,1.15823762182456,1.14992926590178,1.14162090997901,1.13331255405624,1.12500419879524,1.11669584287247,1.1083874869497,1.06684570799761,0.98376215075521,0.900678592851035,0.817595035608638,0.734511477704462,0.651427920395887,0.568344362822601,0.485260805315492,0.402177247742206,0.31909369016892,0.31909369016892,0.31909369016892,0.31909369016892,0.31909369016892,0.31909369016892,0.31909369016892,0.31909369016892,0.31909369016892,0.31909369016892
0.889649447482985,0.894132356726902,0.936257626999036,0.947549199898878,0.970582489364868,0.992735961128999,0.99591161992416,0.769247786449798,0.735923048015168,0.732088925221063,0.696862160500695,0.659536204404068,0.60154127010551,0.529379080955147,0.45375074044428,0.378962290586396,0.312882707842712,0.274286589001321,0.264351514885788,0.254416440770255,0.244481366654722,0.234546292539189,0.226598233226069,0.225604725876596,0.224611218423656,0.223617710970715,0.222624203621242,0.221630696168302,0.220637188818829,0.219643681365889,0.214676144308123,0.20474107019259,0.194805996077057,0.184870921961524,0.174935847845991,0.165000773730458,0.155065699614925,0.145130625499392,0.135195551383859,0.125260477268326,0.125260477268326,0.125260477268326,0.125260477268326,0.125260477268326,0.125260477268326,0.125260477268326,0.125260477268326,0.125260477268326,0.125260477268326
4.00086694657236,3.90510385463615,4.68534621273468,4.71177507698471,4.38642094544081,4.39329851070016,4.15921166845458,3.03356144139199,2.88297131489406,2.87511252357529,2.80391393139066,2.67160501667573,2.44224255148521,2.19478429869563,1.95186145191582,1.7234920967066,1.51655685761051,1.40491519432437,1.38019632381238,1.35547745330038,1.33075858375465,1.30603971324265,1.28626461721956,1.2837927299751,1.28132084273065,1.2788489554862,1.27637706920801,1.27390518196356,1.27143329471911,1.26896140747465,1.25660197221865,1.23188310267292,1.20716423216092,1.18244536164893,1.15772649210319,1.1330076215912,1.1082887510792,1.08356988153347,1.05885101102147,1.03413214050947,1.03413214050947,1.03413214050947,1.03413214050947,1.03413214050947,1.03413214050947,1.03413214050947,1.03413214050947,1.03413214050947,1.03413214050947
5.14956077788185,5.18923085027479,5.44373042946093,5.53217761545244,5.60223726229083,5.70578436303378,6.00074499681387,6.31738414362347,6.34093365807933,6.38099622451011,6.73809455800536,6.99444552240874,7.13266975877408,7.12655067235847,6.9849179433722,6.77986283859929,6.5788914673555,6.38215473096044,6.28638645505907,6.1906181791577,6.0948499020708,5.99908162616943,5.92246700497412,5.91289017762109,5.90331335026806,5.89373652291503,5.884159695562,5.87458286702344,5.8650060396704,5.85542921231737,5.80754507436669,5.71177679846532,5.61600852137842,5.52024024547705,5.42447196957568,5.32870369367431,5.23293541658741,5.13716714068604,5.04139886478467,4.9456305888833,4.9456305888833,4.9456305888833,4.9456305888833,4.9456305888833,4.9456305888833,4.9456305888833,4.9456305888833,4.9456305888833,4.9456305888833
0.621850463866667,0.672550817819706,0.77083116875422,0.82015289557489,0.805862824930487,0.741080625268183,0.726449636049997,0.79427640716684,0.79943207084049,0.813227916424127,0.936715318911623,1.03332763774038,1.10433989096621,1.08449173001583,1.02061602302336,0.670811265186156,0.624798318145649,0.587494161205293,0.548345366643545,0.509163819511899,0.470017946423746,0.430821550355711,0.399266638466362,0.39755369462818,0.393617519313112,0.389681344180039,0.385745169046967,0.381808993731898,0.377872818598826,0.373936643465753,0.354255767436399,0.314894015559687,0.275532263500978,0.23570924109375,0.196424367638672,0.157139494001953,0.117854620546875,0.0785697470917969,0.0392848734550781,0,0,0,0,0,0,0,0,0,0
0.0189668668631579,0.0199081023578705,0.0219001837286775,0.01950347667295,0.0132228054944209,0.0113964073221363,0.0112924310356772,0.0120993300998707,0.0124180821917808,0.0121272859751577,0.00975883327809082,0.00737920863309352,0.00546320202808112,0.003499950857536,0.0022365544315265,0.000971890560301903,0.000404033851923174,0.000386314921681781,0.000369815787884279,0.000325078043704474,0.000311362126245847,0.000314977085242896,0.000286296495956873,0,0,0,0,0,0,0,0,0,0,0,0,0,0,0,0,0,0,0,0,0,0,0,0,0,0
0,0,0,0,0,0,0,0,0,0,0,0,0,0,0,0,0,0,0,0,0,0,0,0,0,0,0,0,0,0,0,0,0,0,0,0,0,0,0,0,0,0,0,0,0,0,0,0,0
0.288553312599448,0.27917844655893,0.30237393821771,0.342677382335868,0.396248247413589,0.456313829619764,0.48677184313499,0.196089911530225,0.0935126692120791,0.0861204085691042,0.019588082152155,0.0094955007256894,0.00377799431587495,0.00200727272727273,0.000996575342465754,0.000498391420911528,0,0,0,0,0,0,0,0,0,0,0,0,0,0,0,0,0,0,0,0,0,0,0,0,0,0,0,0,0,0,0,0,0
0.04508475,0.0599644358827125,0.108994615588313,0.194554849257574,0.229617813815817,0.27167718813106,0.86642199073687,0.747560092322413,0.397799610830777,0.374915237337882,0.100030124119702,0.0584709577421861,0.0275467855108401,0.0170592169655482,0.00959147136456889,0.00505701709647631,0.00269177598252701,0,0,0,0,0,0,0,0,0,0,0,0,0,0,0,0,0,0,0,0,0,0,0,0,0,0,0,0,0,0,0,0
0,0.0104635814404946,0.0119558071880071,0.0139410776384524,0.0159208773014953,0.0177010678041543,0.0217402588450394,0.0283027271086714,0.0297644089682375,0.0295819515548569,0.0233218991604106,0.0193696931839781,0.0177922882691614,0.0167664373261945,0.0155860211103366,0.0146103766530679,0.0137871205042501,0.0127252791667868,0.0118769272380856,0.0110285752621306,0.0101802233334294,0.00933187140472827,0.00865318983341502,0.00856773500969756,0.00848274318505587,0.00839775466852106,0.00831276941265502,0.00822778737002331,0.00814273053694468,0.00805931434316706,0.00763529820378574,0.00678688776763891,0.00593843141536604,0.00509009991821099,0.00424180374044574,0.00339289615232454,0.00254480190163684,0.00169665352339192,0.000848230736106464,0,0,0,0,0,0,0,0,0,0
0.538632280882164,0.618517100419707,0.719625065258515,0.957171774414677,0.985292177271056,1.02734930555051,1.82422087426286,6.35380470262578,7.02118396974579,7.33221065900151,10.3884152086908,11.7509017899185,12.4806328710518,15.1627943147851,18.6392447119365,22.1286866174652,24.6998527355711,23.333937612567,21.7783417679975,20.2227459346231,18.6671500900536,17.1115542454841,15.8670775765456,15.7113761140116,15.555484113361,15.4002552964244,15.2444354457229,15.0891346594801,14.9337004189776,14.7776970916916,14.0001436268756,12.4446392531207,10.8890713687984,9.33326275009535,7.77799415575898,6.22224588340353,4.66665231805554,3.11113341641154,1.55554315547241,0,0,0,0,0,0,0,0,0,0
4.98941857511654,4.98217253117827,5.46765804318585,6.38166329892709,6.9686532678134,7.12092331746234,9.21441984203885,13.391205638987,14.0084005446706,13.9470029623282,12.8322640548734,11.5577423495286,11.1344375619488,12.8049527202067,14.9233374622218,17.2992806865429,20.435777363486,20.0365872951935,18.7008047012869,17.3650277626909,16.029278062146,14.6934968742022,13.624867710145,13.4912985462906,13.3577148460765,13.22414007002,13.0905782961164,12.9569828654882,12.8234102268009,12.6898449074631,12.0219528745877,10.686179924518,9.35040711603169,8.01464096992393,6.67885545238308,5.34309418135006,4.0073136567776,2.67154218490284,1.33577117369129,0,0,0,0,0,0,0,0,0,0
0.495448142147223,0.630061724733478,0.780098053301903,0.906954987171263,0.924005942881858,0.890196565057076,1.34483510833786,3.35737550762962,3.68305563612281,3.82863014299812,5.17766116142781,5.91584986025185,6.26580953821296,7.53784125641658,8.99724830400599,10.175890835696,11.2010016847911,10.5809655632975,9.87559665143065,9.17005724699867,8.46468977693182,7.75930027768154,7.19504020296298,7.12453591074412,7.05401011102405,6.98335129061963,6.91282626811076,6.84228157470013,6.77171781391251,6.70128193380032,6.34854095089183,5.64315490683127,4.93772508290752,4.23237725779758,3.52699854007474,2.82159918617103,2.11619541895684,1.4107874916538,0.705398981707573,0,0,0,0,0,0,0,0,0,0
0.0054407483341876,0.00682170212765957,0.00979385964912281,0.0139610894941634,0.0212251112672757,0.0274803680981595,0.0338374114616871,0.054085254031529,0.0557271364317841,0.0565878259026355,0.0756208897485493,0.0879129420909444,0.10300785634119,0.129381107491857,0.168888888888889,0.223050847457627,0.25796178343949,0.239290780141844,0.21875,0.197702702702703,0.191721854304636,0.172402597402597,0.156687898089172,0.15686143572621,0.155893155258765,0.153956594323873,0.152020033388982,0.151051752921536,0.149115191986644,0.148146911519199,0.140400667779633,0.124908180300501,0.108266666666667,0.0931866666666667,0.0776233333333333,0.0621566666666667,0.0465933333333333,0.0309783693843594,0.0155374376039933,0,0,0,0,0,0,0,0,0,0
0.000637427109457371,0.0151114027363414,0.0546774262499477,0.0979660934627565,0.124670491004144,0.132692497549147,0.176456958911845,0.409499509793486,0.451680267494104,0.466550881677195,0.60675220234428,0.673441510060217,0.718402793924475,0.927663837098597,1.10982982153367,1.23640797236368,1.42360728006275,1.37655481418268,1.28478449309437,1.19301417243447,1.10124385134615,1.00947353025783,0.936057273644225,0.926865675683973,0.917698024278487,0.90852909126702,0.89933683915864,0.890164595794127,0.880989067162802,0.871811405296651,0.825939936108032,0.734153589522721,0.642386038882196,0.550625312161674,0.458844170922345,0.367084522263895,0.275309779594602,0.183540316815441,0.0917692488908341,0,0,0,0,0,0,0,0,0,0
0.219579783308656,0.223637108236533,0.232680853437095,0.236573849008339,0.243261149839821,0.272854590848158,0.322921752325211,0.367631277834753,0.370587685299876,0.352772243819589,0.169148098526229,0.169043196188307,0.157148439813835,0.157403039832285,0.142404337255863,0.112580851635075,0.0839614381259774,0.0758674043796528,0.0708125282862353,0.0657589767020026,0.0606872064535405,0.0556329592012768,0.0516192060420108,0.0510842554142539,0.0505784706436526,0.0500726859688196,0.0495669012939866,0.0490611165233853,0.0485553318485523,0.0480495471737194,0.0455206236080178,0.0404627765723831,0.03540492944098,0.0303470824053452,0.0252892353697105,0.0202313882383073,0.0151735412026726,0.0101156941670379,0.00505784703563474,0,0,0,0,0,0,0,0,0,0
0.59864200197559,0.597407462949536,0.61959283578666,0.649801810557123,0.681441497973644,0.719618515052967,0.883888430938448,1.09392106319535,1.09078364880441,1.11012057015465,1.170120261519,1.31629860462431,1.43356537767931,1.57149027797992,1.72765673455388,1.94269658268606,1.77420117162585,1.64716619537626,1.55642390905042,1.49918191429769,1.36555462374532,1.21628772348213,1.12252298614953,1.08713662765605,1.07980878991617,1.07252236965911,1.06468858891185,1.0565939291103,1.04821861284141,1.03972415557513,1.01421857301064,0.956956401241659,0.903001456602156,0.864148056337478,0.81232431259417,0.754795907003497,0.696687950806417,0.659553692634226,0.630066405390871,0.608653506253402,0.589863670474065,0.573751175436844,0.55955037054634,0.545458843957534,0.530860044613085,0.530711200079034,0.530922209444097,0.530763673301326,0.531076933381687
0.298774191131616,0.281669388293728,0.27971198897134,0.270950898823923,0.253819895948825,0.244575888872522,0.223710950142763,0.0721302283528791,0.0299541607993547,0.024159259810011,0.0245522900138696,0.108831963031722,0.207173066651247,0.143483237426087,0.0307138791272903,-0.0808137230769231,-0.13856237377037,-0.21225412824622,-0.271219648920863,-0.295785027548387,0,0,0,0,0,0,0,0,0,0,0,0,0,0,0,0,0,0,0,0,0,0,0,0,0,0,0,0,0
45.7717391866651,46.7775029332622,48.805193131229,50.3178230038729,52.616006135293,54.4179585216175,60.3856159205617,66.8964106402003,67.293532041972,67.5754041845084,70.4103243769079,77.6066242170402,86.8350643439018,94.2586303671688,98.3549540830434,99.7225735087996,102.490868090172,101.282425008623,100.998999092256,101.839639511899,103.311324564113,105.00738807032,106.521143895648,107.327609323281,107.391567170711,107.44587304301,107.497077474277,107.542201473964,107.581501828706,107.614875805698,107.642561813927,107.703825328232,107.50695369599,107.031286568663,106.452613787516,105.946855213319,105.505158421188,105.0296203967,104.526184187558,104.001084240806,103.460263219629,102.90981957583,102.355735979658,101.803941624675,101.260703775202,101.260730258801,101.260663507081,101.260732586795,101.26067511927
0.967569578023201,0.986482264695824,1.02469673777503,1.04666712881311,1.08414845512277,1.11228646353812,1.1731685145736,1.36170791285069,1.38380531407759,1.38695111355085,1.42677993273958,1.62249547460504,1.90679333326424,2.08135235188816,2.15916719081256,2.1753007474929,2.16163123144812,2.11989553334143,2.09600236593374,2.08929069036684,2.08535013755238,2.08281462569701,2.07981727712833,2.0759402896756,2.07532423097393,2.07476109478406,2.07412140089137,2.07340219561925,2.07273600608922,2.0720633509021,2.07138393655297,2.0678752047035,2.06018203853879,2.05134334835743,2.04106562928355,2.02905537644136,2.01542550474325,2.00044389473125,1.98435192824737,1.96739098713269,1.9498024532297,1.93182770837969,1.91370813442474,1.89568511320615,1.8780000265664,1.8780000265664,1.8780000265664,1.8780000265664,1.8780000265664
6.30864588363624,6.92426461602242,6.88661735985519,7.1356677515454,7.47773422135164,7.76451207636316,7.74968594044534,6.37103343557084,6.14491161301256,6.2408994216886,7.25649592128226,7.29535685749304,7.14088759639073,6.99509403313634,7.02668597418228,6.76898129780863,5.53248143191608,5.14238239594039,4.82214539381293,4.50190839501706,4.18167139622119,3.86143439409373,3.60524479305808,3.57322109417797,3.54119739529785,3.50917369308616,3.47714999420605,3.44512629532593,3.41310259311424,3.38107889423413,3.22096039383671,2.9007233937082,2.5804863935797,2.26024939345119,1.94001239332268,1.61977539319417,1.29953839273251,0.979301392604,0.659064392475493,0.338827392346985,0.338827392346985,0.338827392346985,0.338827392346985,0.338827392346985,0.338827392346985,0.338827392346985,0.338827392346985,0.338827392346985,0.338827392346985
237.379664775657,239.531303841178,267.653814302217,264.328299868631,268.406759464741,273.729033544495,288.658771818468,296.535556587319,296.105255655161,295.566658726179,290.535541845294,285.438410227478,283.591841720152,275.391826159272,261.880843214286,242.996934456323,206.885464365985,185.868193689275,180.58126620579,175.294338722306,170.007411287108,164.720483803624,160.490941836151,159.962249102289,159.433556320139,158.904863586277,158.376170852415,157.847478070265,157.318785336403,156.790092602541,154.146628884942,148.859701401458,143.572773917973,138.285846482776,132.998918999292,127.711991515807,122.42506408061,117.138136597125,111.851209113641,106.564281678444,106.564281678444,106.564281678444,106.564281678444,106.564281678444,106.564281678444,106.564281678444,106.564281678444,106.564281678444,106.564281678444
52.7575444997287,53.3982975546836,59.9256589350499,59.2661217845316,60.3523488994264,61.3935660934685,64.1463020798003,65.2315244711371,65.0013899557892,65.2413547068604,67.1961993523461,68.7964878275853,68.6343696183835,66.2309048070597,65.1339317756582,65.9908178903783,56.9852717522794,52.665909746799,50.3263411548075,47.9867726064502,45.6472040580928,43.3076354791916,41.4359806317789,41.2020237725797,40.968066917744,40.7341100629083,40.5001532037091,40.2661963488734,40.0322394940376,39.7982826348385,38.6284983562964,36.2889297904854,33.9493612290378,31.6097926675903,29.2702241017793,26.9306555403317,24.5910869788841,22.2515184130731,19.9119498516255,17.572381290178,17.572381290178,17.572381290178,17.572381290178,17.572381290178,17.572381290178,17.572381290178,17.572381290178,17.572381290178,17.572381290178
5.98989278881687,6.08314334301973,6.23694211033541,6.43159408545558,6.79513283304128,7.03995949921907,7.71623265277187,8.20160099072232,8.21025195088106,8.22112160787145,8.31277233745191,8.00326272278598,7.95079888156642,8.05754731251686,7.87993644684827,7.80275165971481,7.02580008604883,6.57330480377644,6.22441505134931,5.8755252961432,5.52663554371607,5.17774578850996,4.89863398545666,4.86374501215924,4.82885603608283,4.79396706000642,4.75907808393002,4.72418911063259,4.68930013455618,4.65441115847978,4.47996628087672,4.13107652844959,3.78218677324348,3.43329702081635,3.08440726561024,2.73551751290522,2.3866277590886,2.03773800554988,1.68884825173326,1.33995849791664,1.33995849791664,1.33995849791664,1.33995849791664,1.33995849791664,1.33995849791664,1.33995849791664,1.33995849791664,1.33995849791664,1.33995849791664
1.79305783819844,1.82548016000718,1.94810117652221,2.00851438353915,2.09511439018711,2.18164066225662,2.48930276496108,2.50091010196055,2.47110478628409,2.46589521317319,2.41464487326566,2.34772160927254,2.19321742126033,2.06406795376386,1.84784018641453,1.56640188936436,1.2209153453413,1.07030800357798,1.03153983273626,0.992771661894539,0.954003491052821,0.915235320211103,0.884220783456979,0.880343966615054,0.876467149369385,0.872590332123715,0.86871351528179,0.86483669803612,0.860959881194195,0.857083063948525,0.837698978527666,0.798930807685948,0.76016263684423,0.721394466002512,0.682626295160793,0.643858124319075,0.605089953477357,0.566321782635639,0.52755361179392,0.488785440952202,0.488785440952202,0.488785440952202,0.488785440952202,0.488785440952202,0.488785440952202,0.488785440952202,0.488785440952202,0.488785440952202,0.488785440952202
8.7765574367922,8.73145252602325,10.7021217689044,10.9908696479015,10.4460652145332,10.6780074820112,11.9262190323871,12.9340375977343,12.997631313731,12.9723629359896,12.7421061641723,12.3126514821814,11.4894042029367,10.8073478571201,9.82523911318107,8.626168579299,7.38805867146095,6.84425878621994,6.72383703594588,6.60341528567181,6.48299354010505,6.36257178983098,6.26623439149465,6.25419221552579,6.24215003955692,6.23010786358805,6.21806569232649,6.20602351635762,6.19398134038875,6.18193916441989,6.12172828928285,6.00130654371609,5.88088479344202,5.76046304316796,5.6400412976012,5.51961954732713,5.39919779705307,5.2787760514863,5.15835430121224,5.03793255093817,5.03793255093817,5.03793255093817,5.03793255093817,5.03793255093817,5.03793255093817,5.03793255093817,5.03793255093817,5.03793255093817,5.03793255093817
5.64940705026388,5.73223671384474,6.02268386163401,6.1296047542929,6.21616369918782,6.3399019101369,6.75183836682361,7.2637074041725,7.30799018957013,7.3734667307726,7.96480432670248,8.46165732132999,8.81864939055195,8.9801322329872,8.90438974934792,8.68204209112962,8.37379018365112,8.12337142089876,8.00147508521264,7.87957874952652,7.75768241233142,7.6357860766453,7.53826900749281,7.52607937422599,7.51388974095917,7.50170010769236,7.48951047442554,7.47732083964975,7.46513120638293,7.45294157311611,7.39199340527305,7.27009706958693,7.14820073239183,7.02630439670571,6.90440806101959,6.78251172533346,6.66061538813836,6.53871905245224,6.41682271676612,6.29492638108,6.29492638108,6.29492638108,6.29492638108,6.29492638108,6.29492638108,6.29492638108,6.29492638108,6.29492638108,6.29492638108
0.606717666674167,0.693337621593291,0.836162700506415,0.932706134078782,0.957562015433974,0.917392245220104,0.95890956450427,1.21858390986959,1.24882527488006,1.28109498652556,1.56995723168277,1.74801469271879,1.80611304122289,1.77110645640421,1.7069079453037,1.17192643222542,1.14415397277916,1.07586754184479,1.00413319363342,0.932435199867873,0.860681479028898,0.788916319948993,0.731551044821592,0.722436283786693,0.715283449074364,0.708130614692759,0.700977780311155,0.693824945598826,0.686672111217221,0.679519276835616,0.643755104266145,0.575612716614481,0.503661126829746,0.4308663546875,0.359055295683594,0.287244236347656,0.21543317734375,0.143622118339844,0.0718110590039062,0,0,0,0,0,0,0,0,0,0
0.0550039139031579,0.0634805528015117,0.0758189905037126,0.0726721901508011,0.0527216988303193,0.0483795872126816,0.0418664960166263,0.0328944834163151,0.0322301369863014,0.0322362582340427,0.0322726328582477,0.029667430626927,0.0263166439157566,0.0198689517912428,0.0151994413407821,0.00854085643901672,0.00661605432524198,0.006226487561224,0.00581139095246723,0.00539629552549428,0.00498179401993356,0.004567167736022,0.0042944474393531,0.00395641379310345,0.00391724137931035,0.00387806896551724,0.00383889655172414,0.00379972413793104,0.00376055172413793,0.00372137931034483,0.00352551724137931,0.00313379310344828,0.00274206896551724,0.00235034482758621,0.00195862068965517,0.00156689655172414,0.0011751724137931,0.000783448275862069,0.000391724137931035,0,0,0,0,0,0,0,0,0,0
0,0,0,0,0,0,0,0,0,0,0,0,0,0,0,0,0,0,0,0,0,0,0,0,0,0,0,0,0,0,0,0,0,0,0,0,0,0,0,0,0,0,0,0,0,0,0,0,0
0,0,0,0,0,0,0,0,0,0,0,0,0,0,0,0,0,0,0,0,0,0,0,0,0,0,0,0,0,0,0,0,0,0,0,0,0,0,0,0,0,0,0,0,0,0,0,0,0
0.02816475,0.042054568692463,0.080448406743755,0.147859347738559,0.177777858840205,0.213187912747649,0.737039142575284,0.675718321911885,0.360255037762607,0.334349883694637,0.080506362852657,0.0459571437598267,0.0241586864591361,0.0171279967937473,0.0109031403852996,0.00640698235091871,0.00374833131586911,0,0,0,0,0,0,0,0,0,0,0,0,0,0,0,0,0,0,0,0,0,0,0,0,0,0,0,0,0,0,0,0
0,0.0104635814404946,0.0119558071880071,0.0139410776384524,0.0159208773014953,0.0177010678041543,0.0217402588450394,0.0283027271086714,0.0297644089682375,0.0295819515548569,0.0233218991604106,0.0193696931839781,0.0177922882691614,0.0167664373261945,0.0155860211103366,0.0146103766530679,0.0137871205042501,0.0127252791667868,0.0118769272380856,0.0110285752621306,0.0101802233334294,0.00933187140472827,0.00865318983341502,0.00856773500969756,0.00848274318505587,0.00839775466852106,0.00831276941265502,0.00822778737002331,0.00814273053694468,0.00805931434316706,0.00763529820378574,0.00678688776763891,0.00593843141536604,0.00509009991821099,0.00424180374044574,0.00339289615232454,0.00254480190163684,0.00169665352339192,0.000848230736106464,0,0,0,0,0,0,0,0,0,0
0.847828645729144,0.978000269432232,1.13874735601347,1.51396812587343,1.55756801731775,1.62303825304707,3.34007081613826,14.2297644463811,15.952821198532,16.487208191845,21.4785473711601,21.5962519382286,20.3905090104852,25.0978982946186,30.6505551272432,36.3397948919735,41.6082438167556,39.3069401769081,36.6864774921613,34.0660148262732,31.4455521415265,28.8250894567797,26.7287193202975,26.4665277651129,26.2045169825929,25.9420264326634,25.6801293315851,25.4181202251185,25.1558944955423,24.8942390936631,23.5841597749583,20.9635578867411,18.3429123950027,15.7225265314357,13.1021135960426,10.4816389266422,7.86132486509394,5.24091776542397,2.620450321596,0,0,0,0,0,0,0,0,0,0
5.22793958341884,5.29481087183145,5.87678333854188,6.9227588863953,7.61780803523576,7.83521217373364,11.3501550872163,19.5692789575957,20.7578923682243,20.5536847113877,18.168703168395,15.0655854280409,13.0852767895438,15.5844645042842,18.121818164637,20.439898227641,23.1772238788796,22.7245138302478,21.2095489073408,19.6945884974136,18.1795920294527,16.664628070102,15.4526670994552,15.301159428508,15.1496756896235,14.9981729875724,14.8466852067036,14.6951808800672,14.5436922668058,14.3921811200479,13.6347006736893,12.1197312105101,10.6047731461385,9.0898039122163,7.57483445221219,6.05986824591384,4.54490435533627,3.0299335221865,1.51496582649813,0,0,0,0,0,0,0,0,0,0
0.620413625662084,0.825140297548935,1.03627544742473,1.21242794227069,1.23936633294393,1.19635146540491,2.0879688281026,6.37839771474705,7.12793087216411,7.32499200054163,9.10488332445392,8.91645371652806,7.90829525501472,9.54545297247771,10.9791770373144,11.8201522116142,12.6388351539529,11.9391719717141,11.143317417354,10.3472897512972,9.55143095253885,8.75538327144781,8.11872885369019,8.03906713447825,7.95946861102379,7.87989249158636,7.80029389585625,7.72067350027043,7.64117987882016,7.56151637815232,7.16349077949337,6.36762480145514,5.57169209819923,4.77574231976802,3.97978110067684,3.18381406535459,2.38785358137379,1.59189400639214,0.795954053876015,0,0,0,0,0,0,0,0,0,0
0.00831594054331112,0.00945866261398176,0.012640350877193,0.0174630350194553,0.0242504099320684,0.0299521472392638,0.0470959433354797,0.0899303468879954,0.111454272863568,0.113175651805271,0.151241779497099,0.163991449669646,0.178282828282828,0.237198697068404,0.30962962962963,0.382372881355932,0.464331210191083,0.410212765957447,0.390625,0.35304054054054,0.332317880794702,0.298831168831169,0.28203821656051,0.278564273789649,0.276844741235392,0.273405676126878,0.269966611018364,0.268247078464107,0.264808013355593,0.263088480801336,0.249332220367279,0.221819699499165,0.192266666666667,0.165486666666667,0.137848333333333,0.110381666666667,0.0827433333333333,0.0550133111480865,0.0275923460898502,0,0,0,0,0,0,0,0,0,0
0.000668539623133267,0.015851436257791,0.0573489175622591,0.102765714342113,0.130766199535384,0.139169155167617,0.184079523827475,0.425986551808417,0.46979069893817,0.490287706158937,0.690217627252128,0.776629904957262,0.798109330749489,1.03671532977728,1.28547515743465,1.5192776764149,1.86655832459633,1.80486024466632,1.68453622816799,1.56421221223139,1.44388819573306,1.32356417923473,1.2273049663731,1.21525172910733,1.20322360292696,1.19119395751084,1.17916710488277,1.16713310186068,1.15509495258412,1.14307871666229,1.08290677827948,0.962577129956199,0.842263165554563,0.72194094254827,0.601616326306732,0.481291117049883,0.360973396097397,0.240645756956727,0.120323173663609,0,0,0,0,0,0,0,0,0,0
0.197583716550504,0.19970270200386,0.206128965726329,0.207761547553237,0.211642683331715,0.235219474869102,0.322407135986844,0.641641810523178,0.714519063411515,0.689640820909606,0.362759765021128,0.368689820502832,0.334410297228686,0.332158805031447,0.296708960529542,0.231439021639908,0.173581559245333,0.156868970983635,0.146404866561568,0.135955461396117,0.125492811472961,0.115056295842641,0.106671216426717,0.105732528648107,0.104685671797327,0.103638815144766,0.102591958492205,0.101545101641425,0.100498244988864,0.0994513883363029,0.0942171046770601,0.0837485375567929,0.0732799702383073,0.0628114031180401,0.0523428359977728,0.0418742686792873,0.03140570155902,0.0209371344387528,0.0104685671202673,0,0,0,0,0,0,0,0,0,0
1.82251857419635,1.87698623448376,1.98265581646266,2.21727530833939,2.4610889834196,2.64278937054513,3.3309939684774,4.28443076245168,4.28605241582517,4.39318009768813,4.88733334272997,5.66762776896339,6.2270296839047,6.42445039460657,6.35880245311149,5.4350468145748,5.18450641391553,4.81312232389921,4.54773576368901,4.38136534633553,3.98980199561252,3.55471631385544,3.28035066679061,3.17709768656807,3.15585664670001,3.13446294159197,3.11080608372907,3.08705455474743,3.0623506341799,3.03762547413127,2.96398109110866,2.79625016833404,2.6391319061857,2.52519707304546,2.37318023752794,2.20597819971268,2.03494613479216,1.92691417914547,1.84068773925386,1.7783267660969,1.72387546735987,1.67656885532635,1.63502057631507,1.5934803479521,1.55146671761816,1.55115399374863,1.55133149231948,1.55123418867327,1.55157770733081
0.431886594985376,0.390135508633834,0.520562353245433,0.605928727778476,0.591422715363373,0.479144933193726,0.483934309246651,0.417536869711815,0.392575707417425,0.291433883186944,-0.0302811576837725,-0.0546399155961732,-0.000948884274738536,-0.0192594949565217,-0.0201683412295082,1.51929799384615,0.435801014277778,0.668800743719222,0.851799209892086,0.943695087892473,0,0,0,0,0,0,0,0,0,0,0,0,0,0,0,0,0,0,0,0,0,0,0,0,0,0,0,0,0
129.136891814996,130.981483917352,135.621431847197,138.777922514682,144.045439780844,147.894615221737,157.268114808412,162.67369684985,162.47397459558,162.470578835359,163.191709732184,171.305799221174,180.876356997403,192.871254029333,197.245518847155,195.194011616505,189.941824374696,187.702407306981,187.176932379043,188.735098832973,191.462413879379,194.605556857038,197.410807932365,198.905549761507,199.024042013571,199.124852534705,199.219889083393,199.303429597825,199.375949726781,199.43792532113,199.4894721771,199.602756484702,199.237961818308,198.356451252879,197.284056058773,196.346800724884,195.528129614962,194.646805548146,193.713867059631,192.740744735272,191.738477621494,190.718392921394,189.691432998174,188.668925827875,187.662196396724,187.662142374493,187.662062945539,187.662148878858,187.662037305357
2.08661904254139,2.13420295657001,2.20693543885183,2.24451480692344,2.31512755165709,2.36551423007605,2.42886806999802,2.69000936864296,2.72096747173937,2.72258627326923,2.76108887690111,3.00706284361559,3.2977396970485,3.52320133971208,3.58661530029226,3.55307187721754,3.45925448517812,3.39258363257341,3.35436700893173,3.34352561449433,3.33731464280466,3.3331506399672,3.3283172495908,3.32224924313515,3.32123664482876,3.32017587607634,3.31920529294689,3.31805435262829,3.31698825311588,3.31591180664729,3.31482454352818,3.30920953887065,3.29689820654341,3.28275369830966,3.26630631989932,3.24708637704242,3.22527456686433,3.2012995771519,3.17554768996523,3.14840518736291,3.12025835140582,3.09149346415289,3.06249680766434,3.0336546639991,3.00535331521805,3.00535331521805,3.00535331521805,3.00535331521805,3.00535331521805
16.1772768493533,17.6896323957084,18.3774089173051,19.8337002274036,21.5931007883696,23.2401286565042,22.9671851564778,18.582197428924,17.892539092426,17.7493805312369,16.2908287324667,12.3381561975864,8.30056333492338,6.33006513785693,5.0260829944845,4.0753126753738,3.69459580637238,3.43410691141161,3.22025115008904,3.00639539099131,2.79253963189358,2.57868387057101,2.40759926195792,2.3862136867156,2.36482811147328,2.34344253400611,2.3220569587638,2.30067138352148,2.27928580605431,2.25790023081199,2.15097235059567,1.93711659060801,1.72326083062034,1.50940507063268,1.29554931064501,1.08169355065734,0.867837790447191,0.653982030459525,0.440126270471858,0.226270510484192,0.226270510484192,0.226270510484192,0.226270510484192,0.226270510484192,0.226270510484192,0.226270510484192,0.226270510484192,0.226270510484192,0.226270510484192
329.920508312266,331.602780328708,369.065423937451,363.077892153231,367.304463582318,373.232134939144,381.868243038825,372.226404018862,369.578988889891,369.311784154572,366.543764129243,333.175215889378,273.475746667762,217.955374613696,168.104641040609,121.910701107325,98.5354353276434,88.5252805030965,86.0072233294338,83.4891661557712,80.9711090051068,78.4530518314442,76.4386061017134,76.1868003912466,75.9349946577815,75.6831889473147,75.431383236848,75.1795775033829,74.9277717929161,74.6759660824493,73.4169375071172,70.8988803334545,68.3808231597919,65.8627660091275,63.3447088354648,60.8266516618022,58.3085945111379,55.7905373374752,53.2724801638126,50.7544230131482,50.7544230131482,50.7544230131482,50.7544230131482,50.7544230131482,50.7544230131482,50.7544230131482,50.7544230131482,50.7544230131482,50.7544230131482
65.456030565583,66.3237054227077,74.5161201005388,73.7787658815228,75.2138212242226,76.5943898661136,80.3949726008637,82.4644070926365,82.2545953065448,82.0893206115709,80.604963556235,74.4555298717804,62.1662973852146,49.5152263820202,39.971513024919,33.4106831381383,29.6597917375962,27.4116550604311,26.1939518527544,24.9762486677885,23.7585454828226,22.5408422819591,21.5666797294442,21.4449094086765,21.3231390901799,21.2013687716833,21.0795984509157,20.9578281324191,20.8360578139225,20.7142874931548,20.1054358984008,18.8877327043506,17.6700295125714,16.4523263207922,15.234623126742,14.0169199349628,12.7992167431837,11.5815135491335,10.3638103573543,9.14610716557514,9.14610716557514,9.14610716557514,9.14610716557514,9.14610716557514,9.14610716557514,9.14610716557514,9.14610716557514,9.14610716557514,9.14610716557514
8.64267235595648,9.00751743488979,9.46578993900024,9.99163429182197,10.7922901280739,11.4185311288199,12.8153486135929,14.1491734589461,14.2197135924513,14.1616265293963,13.638888593533,11.7136541025322,9.43341433625123,7.64827264553957,6.03288673032305,4.89107948766596,4.28995647562732,4.01364993080699,3.80061837780737,3.58758682311089,3.37455527011127,3.1615237154148,2.99109847233636,2.96979531822418,2.94849216241517,2.92718900660615,2.90588585079714,2.88458269668496,2.86327954087595,2.84197638506693,2.7354606077187,2.52242905471907,2.3093975000226,2.09636594702297,1.8833343923265,1.67030283915718,1.45727128530913,1.24423973163077,1.03120817778272,0.81817662393467,0.81817662393467,0.81817662393467,0.81817662393467,0.81817662393467,0.81817662393467,0.81817662393467,0.81817662393467,0.81817662393467,0.81817662393467
2.9111630722706,2.98973703706597,3.20665717716419,3.32244519068184,3.48233359403996,3.64288885714529,4.08164208744384,3.9771628036766,3.91686468718233,3.86250614867135,3.37807648317997,2.8477341023383,2.23349096796416,1.75979258864689,1.33342243271051,0.969843078131932,0.766596651421343,0.672057055283266,0.647714134696383,0.6233712141095,0.599028293522617,0.574685372935734,0.555211036415525,0.552776744508946,0.550342452348852,0.547908160188758,0.545473868282178,0.543039576122084,0.540605284215505,0.53817099205541,0.525999531761969,0.501656611175086,0.477313690588203,0.45297077000132,0.428627849414438,0.404284928827555,0.379942008240672,0.355599087653789,0.331256167066907,0.306913246480024,0.306913246480024,0.306913246480024,0.306913246480024,0.306913246480024,0.306913246480024,0.306913246480024,0.306913246480024,0.306913246480024,0.306913246480024
9.16066270700721,9.00059776650428,10.9078846960245,11.0795049248463,10.4179505643518,10.5386290369248,10.7177518425686,9.52172013658251,9.33304612939428,9.21811775475475,8.18862503955826,6.87643175112862,5.351325459373,4.10433181276187,3.07474592199365,2.26703721712083,1.86341925605927,1.72627849066828,1.69590537302327,1.66553225537826,1.63515913892054,1.60478602127553,1.58048752763444,1.57745021563248,1.57441290363052,1.57137559162857,1.5683382808139,1.56530096881194,1.56226365680998,1.55922634480802,1.54403978598552,1.5136666695278,1.48329355188279,1.45292043423778,1.42254731778006,1.39217420013505,1.36180108249004,1.33142796603232,1.30105484838731,1.2706817307423,1.2706817307423,1.2706817307423,1.2706817307423,1.2706817307423,1.2706817307423,1.2706817307423,1.2706817307423,1.2706817307423,1.2706817307423
19.3392048347734,19.4657786042992,20.375909172025,20.6625713689083,20.8808775008755,21.2240080819346,22.4492654534904,23.8760555606099,23.9918430599936,24.2505266856618,26.5990910778425,28.0599405980287,28.4001081574257,27.9748004672741,27.0311120501263,25.8586333838736,24.7007010484734,23.9622405546714,23.6026719510582,23.243103347445,22.8835347393807,22.5239661357675,22.2363112510965,22.2003543916254,22.1643975321543,22.1284406726832,22.0924838132121,22.0565269492899,22.0205700898188,21.9846132303477,21.8048289285411,21.4452603249279,21.0856917168636,20.7261231132504,20.3665545096372,20.006985906024,19.6474172979597,19.2878486943465,18.9282800907333,18.5687114871201,18.5687114871201,18.5687114871201,18.5687114871201,18.5687114871201,18.5687114871201,18.5687114871201,18.5687114871201,18.5687114871201,18.5687114871201
1.72282347928167,1.88857883857442,2.19113462375084,2.35720471863848,2.33913057158746,2.16977656834886,1.94530694700526,1.79556828189476,1.76373104319138,1.77765490837263,1.90226632773278,1.85762424268763,1.70803465083135,1.29978834418427,0.997602474161197,0.558940889997042,0.442409245886255,0.416011225499281,0.388277220109871,0.360543250566683,0.33280211753999,0.305062688275687,0.282813868913673,0.282134880058708,0.279341465318982,0.276548050708415,0.273754636097847,0.270961221358121,0.268167806747554,0.265374392136986,0.251407318825832,0.223473172332681,0.195539025710372,0.1672775259375,0.139397938324219,0.111518350582031,0.08363876296875,0.0557591753554688,0.0278795876132812,0,0,0,0,0,0,0,0,0,0
0.973118812997895,1.06652337034177,1.22183619979932,1.13058051720075,0.794639753270489,0.708635959811285,0.639520329061309,0.545948053194166,0.54250904109589,0.554722507126628,0.6537562258314,0.708178134635149,0.734800672776911,0.634298786181139,0.551972504907142,0.352766822160491,0.323504854811737,0.304211638620823,0.283939278854865,0.263638293444329,0.243396222116754,0.223082520623281,0.206706070080863,0.204744413793103,0.20271724137931,0.200690068965517,0.198662896551724,0.196635724137931,0.194608551724138,0.192581379310345,0.182445517241379,0.162173793103448,0.141902068965517,0.121630344827586,0.101358620689655,0.0810868965517241,0.0608151724137931,0.0405434482758621,0.020271724137931,0,0,0,0,0,0,0,0,0,0
0,0,0,0,0,0,0,0,0,0,0,0,0,0,0,0,0,0,0,0,0,0,0,0,0,0,0,0,0,0,0,0,0,0,0,0,0,0,0,0,0,0,0,0,0,0,0,0,0
3.66443028846069,4.03973451109577,4.88235965946251,6.07623972138215,7.62069644310843,9.42647237891358,7.85662275522463,3.72834960269029,2.0855663051024,1.92070938298834,0.436895849002025,0.211077068214804,0.0837308972797402,0.0444945454545455,0.022522602739726,0.0110412868632708,0,0,0,0,0,0,0,0,0,0,0,0,0,0,0,0,0,0,0,0,0,0,0,0,0,0,0,0,0,0,0,0,0
0.30572325,0.39759293904088,0.714479065525054,1.26703188101658,1.4885963230083,1.75595102516055,4.33574330763957,3.71867315002605,1.97843679298176,1.88474347023607,0.536655639665553,0.310822378911608,0.133867549509098,0.0733909880039055,0.0377157057611722,0.0186379976171507,0.00906882359906846,0,0,0,0,0,0,0,0,0,0,0,0,0,0,0,0,0,0,0,0,0,0,0,0,0,0,0,0,0,0,0,0
0,0.0379058044636785,0.0435168716606135,0.0506628436577198,0.0578119799884085,0.0643675192878338,0.0793136040037807,0.11523648701097,0.122081149436025,0.123387041948271,0.107044950121102,0.0964484396476129,0.0964327178455548,0.085608368046972,0.0752812634969358,0.0666179559318785,0.0607463622768447,0.0560667984277545,0.0523290119353034,0.0485912252346547,0.0448534387422036,0.0411156522497525,0.0381254229308731,0.0377512562698915,0.0373784863123879,0.0370039916433045,0.0366311988713972,0.036256715477283,0.0358835555209085,0.0355087468563975,0.0336399339692768,0.0299022290468326,0.026164256823987,0.0224267697855672,0.0186893735306349,0.0149515593862614,0.01121330710373,0.00747578301108391,0.00373774195471276,0,0,0,0,0,0,0,0,0,0
1.76121041032548,2.080856856181,2.45184068851729,3.28328564827632,3.39421815390089,3.54925953550741,9.17209000356163,47.8056929191867,54.2223115932689,56.3086751161806,76.3340720922288,76.414545628135,69.2642582340606,76.0795619202035,80.275767808708,82.3435450864424,85.1404327157586,80.4303326334091,75.0683104449855,69.7062882951509,64.3442661067273,58.9822439183037,54.6926261907182,54.1564502657838,53.6202898879798,53.083766052044,52.5478331465972,52.0116716033158,51.4750673492599,50.9390379815924,48.2581318110865,42.8963883043838,37.5339989241201,32.172120769354,26.8101809726441,21.4481003627323,16.0861389765889,10.7240808108155,5.36204386421124,0,0,0,0,0,0,0,0,0,0
11.9654940339715,11.9520606955863,13.1270432452421,15.3368300016664,16.7658611261945,17.1515094557996,24.3035570165759,39.8987977831579,42.164684832154,43.0712022686173,46.7821249719843,43.4299904967986,39.5425243750961,44.6259475594893,49.5114812341675,53.9918308178233,59.0149615538917,57.8622135337008,54.0047245992086,50.1472491497994,46.2897614877784,42.4323029812123,39.3463021668995,38.9605615545592,38.5747949310211,38.1890569104682,37.8033063141366,37.4175613626098,37.0318157811846,36.6460727373524,34.7173288115268,30.859853623827,27.0023652476307,23.1448857444287,19.2874039642831,15.4299287031867,11.5724380485161,7.71496117662162,3.85748014138312,0,0,0,0,0,0,0,0,0,0
1.43048237255257,1.92410045168452,2.4281681907906,2.84902164448364,2.9182516095188,2.82082035426524,4.79714197093857,14.2261951978942,15.8586628769868,16.9424069847022,27.2350548748002,30.9604632580425,29.7545154701146,34.376006807156,38.163174596281,40.2482907291549,41.5339033069691,39.2348020194336,36.6191433739753,34.0034849444323,31.387826778205,28.7720916851855,26.679645258894,26.4180791768111,26.1564574548165,25.8949102405798,25.6332900482092,25.3717485381383,25.110283315951,24.8487456235821,23.5408079252883,20.9252573626882,18.3095275763874,15.693900387637,13.0782579004681,10.4626053762745,7.84692415828546,5.2312900961178,2.61563957140836,0,0,0,0,0,0,0,0,0,0
0.008714044079959,0.00922936170212766,0.0118684210526316,0.0152217898832685,0.0200726165378309,0.0231668711656442,0.0590235028976175,0.1499141605035,0.225742128935532,0.232139829011517,0.367601547388781,0.439564710454722,0.487306397306397,0.603778501628665,0.703703703703704,0.812542372881356,0.911464968152866,0.820425531914894,0.765625,0.706081081081081,0.651854304635762,0.597662337662338,0.553630573248408,0.549015025041736,0.545626043405676,0.538848080133556,0.532070116861436,0.528681135225376,0.521903171953255,0.518514190317195,0.491402337228714,0.437178631051753,0.378933333333333,0.326153333333333,0.271681666666667,0.217548333333333,0.163076666666667,0.108424292845258,0.0543810316139767,0,0,0,0,0,0,0,0,0,0
0.00426032755865601,0.101000265637403,0.365438314132835,0.65476697173803,0.833256853139943,0.886854519829965,1.3530594613746,3.33970670327856,3.6961487925009,3.84418352013618,5.2748682752467,5.75423624472226,5.70601193173414,6.54986695446564,7.17192548537303,7.55996178847394,8.13234019390753,7.86343030952099,7.33920162140383,6.81497293573396,6.2907442476168,5.76651555949963,5.34713261047428,5.29470842599024,5.24229407583208,5.18987329136134,5.13746485948097,5.08502545914837,5.0325929872901,4.98017324773774,4.71806562094955,4.19383223606823,3.66961827544866,3.14537974615355,2.62115232406419,2.09692301809306,1.57269058714013,1.04846020989661,0.524230481937919,0,0,0,0,0,0,0,0,0,0
1.16788640168286,1.24879634394455,1.35930653411154,1.44135148940567,1.54144593369576,1.79430367419095,2.05138937881494,1.52651906869129,1.33931689775043,1.27970300127383,0.629762135422034,0.613155074765515,0.541941199492278,0.497342417889588,0.413389813679823,0.302498265585566,0.20447096795661,0.184792903656963,0.172472666114046,0.16015210930586,0.147836307140723,0.135516182669777,0.125615210762332,0.124503022497996,0.123270319150111,0.122037616035635,0.120804912921158,0.119572209573274,0.118339506458797,0.117106803344321,0.110943287305122,0.0986162554601336,0.0862892233817372,0.0739621915367483,0.0616351596917595,0.049308127613363,0.0369810957683742,0.0246540639233853,0.0123270318449889,0,0,0,0,0,0,0,0,0,0
0.848900745225716,0.861748845026102,0.865800276942438,0.903905576870876,0.900105426513738,0.904032158730297,0.932094760864047,0.89559805623513,0.870866774789684,0.870668482035448,0.788848298133062,0.771602837277518,0.732829269420053,0.701523426344695,0.681789513422604,0.676127427242236,0.587312574168556,0.54510535962092,0.515096138338639,0.496144042238618,0.451973178866314,0.402589891517491,0.3715027774405,0.359999695740021,0.357590446518064,0.355041887887153,0.352451611483379,0.349769024808929,0.346705342652592,0.344026375006478,0.335649907172576,0.316803623940467,0.299071946198447,0.285914523669097,0.268939009706318,0.249938416716215,0.230612530551744,0.218389454077024,0.208561619586964,0.201561342288264,0.195289702790511,0.189909851682756,0.185317325293482,0.180615511244216,0.17574855945063,0.175554610512321,0.175684976694301,0.175532829174766,0.17553803400291
0.068499448698468,0.0643946230229682,0.064654738434359,0.0709453606948433,0.0663673719588027,0.0606866701821832,0.0886729931913024,0.218452441261015,0.249852941255794,0.211547264081841,0.344959674694868,0.268273028213998,0.111968344419147,0.11331002866087,0.0369093826422372,-0.727323507692308,-0.312882779481481,-0.480575384708423,-0.610244210071943,-0.676080062967742,0,0,0,0,0,0,0,0,0,0,0,0,0,0,0,0,0,0,0,0,0,0,0,0,0,0,0,0,0
30.7137709426858,30.6208294699994,31.2031943980215,31.4331981252828,32.128402794142,32.4919323425878,35.7929101971139,39.1619426414371,39.3449680749045,39.0275551616379,36.3676955250571,37.1232322219214,40.3455235709013,28.8869354800918,21.7450858636247,20.7429062786528,23.0432868974295,22.7715087623463,22.7077646494516,22.8968225642258,23.2277608420601,23.6089729595773,23.9494109860341,24.130731795212,24.1450628170601,24.1573628894192,24.168826502923,24.1789006876225,24.187822911115,24.1952914723943,24.201625374144,24.215309492215,24.1711137377839,24.0641231052938,23.9340619929094,23.8203051545934,23.7209996546113,23.6140937217651,23.5008843737898,23.3828688550177,23.2611718898692,23.1374701493088,23.0128981319861,22.8887898169316,22.7666474743102,22.7666119045058,22.7667259737693,22.7666870945551,22.7666978176068
0.387962285054542,0.389116572597182,0.395287107920781,0.394965533606305,0.400204080792117,0.401569472700346,0.382814435351415,0.373203083606815,0.372270145202433,0.369476610366974,0.348459815017116,0.358496683188613,0.378800747795923,0.399929741195146,0.401908593939642,0.392352632042239,0.384202469992353,0.376797324613616,0.372548440553994,0.371353347927741,0.370673030178137,0.37022062333707,0.369739403796868,0.36906491792234,0.368908125101061,0.3687607787117,0.368623471722401,0.368495650880198,0.368377252267042,0.368257704544212,0.368136955548513,0.36751336576484,0.366146096896705,0.364575239636984,0.362748630796839,0.360614107187446,0.358191736624986,0.355529128210531,0.352669181560552,0.349654796291355,0.346528872019496,0.343334308361319,0.340114004933307,0.336910861351803,0.333767777233365,0.333767777233365,0.333767777233365,0.333767777233365,0.333767777233365
8.00241971290827,7.11758661522327,7.07505739024278,7.32683319716708,7.67365410357938,7.96324562641688,7.01899182360036,4.47935835803816,4.19033726268337,4.17858746899191,4.06452299182154,3.26652598716482,2.31529775708656,1.81779013807517,1.51728392331014,1.3329104145288,1.13431787176763,1.05431663184045,0.988660060337664,0.923003489517941,0.857346918698217,0.791690347195436,0.739165090129823,0.732599433252768,0.726033776375713,0.7194681188156,0.712902461938545,0.70633680506149,0.699771147501377,0.693205490624322,0.660377205009543,0.594720633916597,0.529064062823651,0.463407491730704,0.397750920637758,0.332094349544812,0.266437778383559,0.200781207290613,0.135124636197667,0.0694680651047202,0.0694680651047202,0.0694680651047202,0.0694680651047202,0.0694680651047202,0.0694680651047202,0.0694680651047202,0.0694680651047202,0.0694680651047202,0.0694680651047202
67.1233529830528,66.8795878773605,73.7010223240087,71.7931083092148,71.9182110158615,72.3666001797597,74.1665418111367,72.509475412461,72.0176244313413,71.6264137249658,68.1468128505251,64.6841812051377,62.1192718614327,58.8411460022992,55.7754179232386,52.9930015923216,48.262520917128,43.3595300830662,42.1261900117124,40.8928499403585,39.6595098802692,38.4261698089154,37.4394977563382,37.3161637525821,37.1928297375616,37.0694957338056,36.9461617300495,36.822827715029,36.699493711273,36.5761597075169,35.9594896774723,34.7261496061185,33.4928095347646,32.2594694746753,31.0261294033215,29.7927893319677,28.5594492718784,27.3261092005246,26.0927691291708,24.8594290690815,24.8594290690815,24.8594290690815,24.8594290690815,24.8594290690815,24.8594290690815,24.8594290690815,24.8594290690815,24.8594290690815,24.8594290690815
16.5618839049374,16.7877130396864,18.8545683021001,18.6600175155597,19.0136290716082,19.3519124700607,20.5736731965405,21.5901767332098,21.5904520810444,21.4634930509915,20.3684329225866,20.0229720253576,20.0465253834977,17.5496701576646,15.593048342995,14.2440169358507,13.2466568137256,12.2425360339921,11.6986879749886,11.1548399261281,10.6109918772676,10.067143821307,9.63206538019,9.57768057428965,9.5232957694036,9.46891096451755,9.4145261586172,9.36014135373115,9.3057565488451,9.25137174294474,8.9794477175002,8.43559966458249,7.89175161267908,7.34790356077568,6.80405550785797,6.26020745595456,5.71635940405116,5.17251135113345,4.62866329923004,4.08481524732664,4.08481524732664,4.08481524732664,4.08481524732664,4.08481524732664,4.08481524732664,4.08481524732664,4.08481524732664,4.08481524732664,4.08481524732664
3.85168801421078,3.86325152101779,3.9241560609219,4.00987637516162,4.19880696110276,4.31212807225319,4.22022600660844,3.58548955628974,3.49439908264658,3.45280950180986,3.08232960159799,2.54866412715903,2.10064692792139,1.82520222056902,1.58099963595453,1.45223716363239,1.33692402537257,1.2508104164549,1.18442144628581,1.11803247558792,1.05164350541884,0.98525453472095,0.93214335837416,0.925504461727413,0.918865564551864,0.912226667376315,0.905587770200765,0.898948873554018,0.892309976378469,0.88567107920292,0.852476593853976,0.78608762368489,0.719698652987001,0.653309682817915,0.586920712120027,0.520531741898061,0.454142771464574,0.387753801083967,0.32136483065048,0.254975860216993,0.254975860216993,0.254975860216993,0.254975860216993,0.254975860216993,0.254975860216993,0.254975860216993,0.254975860216993,0.254975860216993,0.254975860216993
0.541280648694137,0.619584294944228,0.646612371886524,0.65211638536458,0.6656140427389,0.678394572185282,0.710616995182614,0.604040591890042,0.585365223524364,0.580032526926423,0.532045953155173,0.484789128139661,0.427125044940335,0.374038499816484,0.318742561729746,0.264394425549281,0.217029778742794,0.19027087705497,0.183378978794645,0.176487080534321,0.169595182273996,0.162703284013671,0.157189765391057,0.156500575608089,0.155811385753347,0.155122195898604,0.154433006115637,0.153743816260894,0.153054626477927,0.152365436623184,0.148919487493022,0.142027589232697,0.135135690972373,0.128243792712048,0.121351894451723,0.114459996191398,0.107568097931074,0.100676199670749,0.0937843014104244,0.0868924031500997,0.0868924031500997,0.0868924031500997,0.0868924031500997,0.0868924031500997,0.0868924031500997,0.0868924031500997,0.0868924031500997,0.0868924031500997,0.0868924031500997
3.32972584622743,3.6457159097062,4.40072633964403,4.45225479836039,4.16989351261536,4.20158570752328,4.62722610127474,4.88777605988621,4.89718937625213,4.89034306834105,4.8274650062581,4.64324014343442,4.2670090540661,3.96466548082423,3.62810918342219,3.27868691401733,2.90802873024156,2.69396573003222,2.64656657717698,2.59916742432174,2.55176827331935,2.50436912046411,2.46644979892106,2.46170988326497,2.45696996760888,2.45223005195278,2.44749013814953,2.44275022249344,2.43801030683735,2.43327039118126,2.40957081475364,2.36217166375124,2.31477251089601,2.26737335804077,2.21997420703838,2.17257505418314,2.1251759013279,2.07777675032551,2.03037759747027,1.98297844461504,1.98297844461504,1.98297844461504,1.98297844461504,1.98297844461504,1.98297844461504,1.98297844461504,1.98297844461504,1.98297844461504,1.98297844461504
4.60978064711383,4.57963203260638,4.71130417947818,4.69603369795681,4.66526446366889,4.66215909927853,4.90217243415718,5.14962894120541,5.16758528275021,5.17429171581676,5.22370622833189,5.10961694059343,4.86100570560976,4.74910450974246,4.54585192973419,4.3016449310769,4.15254568733735,4.02844789540585,3.96799848203924,3.90754906867263,3.8470996545577,3.78665024119108,3.73829071019847,3.73224576901147,3.72620082782447,3.72015588663747,3.71411094545047,3.70806600351516,3.70202106232816,3.69597612114116,3.66575141445786,3.60530200109124,3.54485258697632,3.4844031736097,3.42395376024309,3.36350434687647,3.30305493276155,3.24260551939493,3.18215610602832,3.1217066926617,3.1217066926617,3.1217066926617,3.1217066926617,3.1217066926617,3.1217066926617,3.1217066926617,3.1217066926617,3.1217066926617,3.1217066926617
1.51716628464917,1.52623109245283,1.62196146477043,1.5944507680556,1.44155963905548,1.21416758820945,1.08596656495673,0.876102329371082,0.840936132026299,0.840746505553838,0.839029655737899,0.795606071034467,0.748896347329706,0.640692733892614,0.548350105161097,0.340255266785699,0.298493378000491,0.280680900740585,0.261980964388897,0.243245747738473,0.224545276450333,0.205871155134265,0.190877471898393,0.188089920039139,0.186227643545988,0.184365367138943,0.182503090731898,0.180640814238748,0.178778537831703,0.176916261424658,0.167604879217221,0.148982114888454,0.130359350473581,0.111518350625,0.0929319588828125,0.0743455670546875,0.0557591753125,0.0371727835703125,0.0185863917421875,0,0,0,0,0,0,0,0,0,0
0.109652199052632,0.110308416209333,0.116154139016657,0.0991323209236569,0.0644187959984609,0.0531587257671259,0.0457074589539314,0.035403771332955,0.0346,0.0338776155779349,0.0279924428239973,0.0216858376156218,0.0165228549141966,0.010930615755074,0.00739432281443455,0.00368140363750721,0.00247470734302944,0.00234061393724844,0.00219247931388537,0.00201548387096774,0.00186817275747508,0.00173237396883593,0.00171777897574124,0.00197820689655172,0.00195862068965517,0.00193903448275862,0.00191944827586207,0.00189986206896552,0.00188027586206897,0.00186068965517241,0.00176275862068966,0.00156689655172414,0.00137103448275862,0.0011751724137931,0.000979310344827586,0.000783448275862069,0.000587586206896552,0.000391724137931035,0.000195862068965517,0,0,0,0,0,0,0,0,0,0
0.0532,0.0529,0.0527,0.0524,0.0522,0.017742923428637,0.023072308168024,0.019065753080237,0.0172716946203905,0.0172161956903579,0.0140917989642218,0.0180649284574468,0.0226925269512419,0.026277507575419,0.0298725099155722,0.0294605925494186,0.026116699345679,0.0218509689706546,0.0218741764311544,0.0218850708043478,0.0218827347948052,0.0218526289633028,0.0218178701190476,0.0221193767586207,0.0221199277068966,0.0219559807068966,0.0217914070862069,0.0216261556724138,0.0214602646034483,0.0212936895862069,0.0204508944137931,0.0187141743793103,0.0169061963965517,0.0150230735344828,0.0130603443793103,0.0110131160517241,0.00887596560344828,0.00664293917241379,0.00430754606896552,0.00229478803448276,0.00229258472413793,0.00229009718965517,0.00228777898275862,0.00228557555172414,0.00228338527586207,0.00228338527586207,0.00228338527586207,0.00228338527586207,0.00228338527586207
0.171647181301407,0.138555866907254,0.121989362854796,0.108186349618873,0.0921002923711536,0.0699419655835807,0.00732342981663901,0.00774607214307975,0.00631210517181534,0.00580864214046823,0.001305872143477,0.00065940977261732,0.000263580998781973,0.000125454545454545,7.97260273972603e-05,3.83378016085791e-05,0,0,0,0,0,0,0,0,0,0,0,0,0,0,0,0,0,0,0,0,0,0,0,0,0,0,0,0,0,0,0,0,0
0.0412425,0.0508261248078241,0.0888516197369583,0.154872439330901,0.179837724600825,0.210410973857042,0.656573645225475,0.563643818980377,0.299882985389664,0.281844418046682,0.0738762801015613,0.0397748950895595,0.0158781677445297,0.00818297998351682,0.00395300340220835,0.00182289436207883,0.000789499756588556,0,0,0,0,0,0,0,0,0,0,0,0,0,0,0,0,0,0,0,0,0,0,0,0,0,0,0,0,0,0,0,0
0,0.0174722067449768,0.0200585580310641,0.0233084263355829,0.0266100715181021,0.0296358786721068,0.0366413514185221,0.0435892363289939,0.0455337521624801,0.044569294278371,0.0318786497696113,0.0264806865240745,0.0215424495187108,0.0233764547434536,0.0253663610047886,0.0273870840160994,0.0299051082616298,0.0276012003892172,0.025761120397434,0.023921040303157,0.0220809603113738,0.0202408803195906,0.0187688162646677,0.0185860366044718,0.0184016633527217,0.0182172972772668,0.0180329382751993,0.0178485862436194,0.0176657249793601,0.0174812040563074,0.0165612220982682,0.0147205255373961,0.0128810501381967,0.01104058559479,0.00920031419068316,0.00736032363609394,0.00552034978216988,0.00368037491676071,0.00184012175673764,0,0,0,0,0,0,0,0,0,0
0.243892497382322,0.331519278690159,0.426165324532386,0.543200161481273,0.622674416889202,0.667378123569129,1.56274034261692,7.52588670019226,8.49962518528464,8.78960497508592,11.5085872266492,11.1659001856585,9.84070163699121,9.7917942328682,9.58486330098585,9.53797515591076,9.43961938696031,8.91828241412135,8.32373025175365,7.72917809366478,7.13462593129708,6.54007376892938,6.06443204160252,6.00493457349927,5.9453521882489,5.88579761731539,5.8262450911828,5.76666986468687,5.70762068455137,5.64799662670266,5.35086551865407,4.75625320623445,4.16164103169335,3.56709777961765,2.97262591366498,2.37817698301527,1.783541982218,1.18898787879984,0.594540969889374,0,0,0,0,0,0,0,0,0,0
4.04675592649195,4.09441706716968,4.45070184773038,5.36187060958017,5.69052642451442,5.94933897435283,8.60515135222618,12.741273035577,13.3504742359409,13.147856798482,11.1524122145732,8.59868591472743,6.78455490761981,6.66102963397166,6.4618214046754,6.36356734498429,6.40827113570951,6.28310202278261,5.86422304942338,5.44534616370751,5.0264685836038,4.60759176327885,4.27250652896496,4.23060205394112,4.18871741167218,4.14682754747459,4.10494182999331,4.06306263385043,4.02116723709381,3.97928338140938,3.76985773222807,3.35098356086171,2.93211073337819,2.51324291776506,2.09436095013475,1.67549352452007,1.25661500980654,0.837743889221618,0.41887357914977,0,0,0,0,0,0,0,0,0,0
0.180551675409442,0.229651123119004,0.290343242742222,0.34464289512508,0.357291641925876,0.349306259874842,0.598523133939604,1.81050505067258,2.02161987897931,2.10700344195737,2.90124134256793,2.98786901540879,2.65985451851398,2.77639348768369,2.86857336078872,2.96948324523969,3.03698800434785,2.86889153757046,2.6776061252421,2.4863218196464,2.295038810978,2.10375168718882,1.95079163040608,1.93161069937242,1.91260197702856,1.89344376808457,1.87428090010761,1.85511353590162,1.83608973223822,1.81691232164514,1.72125055651391,1.52998385430426,1.33881768327024,1.14755525997595,0.956309982810142,0.765010613953803,0.573741301449415,0.382520307889233,0.191260543303026,0,0,0,0,0,0,0,0,0,0
0.0429067145053819,0.0520513069908815,0.0740087719298246,0.102210116731518,0.146702974935582,0.184123312883436,0.272746941403735,0.470841175407027,0.529880059970015,0.529650074189218,0.541949709864603,0.439564710454722,0.344680134680135,0.291107491856678,0.239259259259259,0.191186440677966,0.154777070063694,0.136737588652482,0.125,0.112972972972973,0.102251655629139,0.091948051948052,0.0940127388535032,0.0892487479131886,0.0886978297161937,0.0875959933222037,0.0864941569282137,0.0859432387312187,0.0848414023372287,0.0842904841402337,0.0798831385642738,0.0710684474123539,0.0616,0.05302,0.044165,0.035365,0.02651,0.0176256239600666,0.00884026622296173,0,0,0,0,0,0,0,0,0,0
0.000571407873120715,0.013545475450622,0.0490225436243951,0.0878285764652369,0.111763490766258,0.118949346017271,0.149958611207507,0.338482713003998,0.372755430072491,0.380791413185988,0.450927525245131,0.441420103049639,0.408241535368983,0.45302036186171,0.483117196555306,0.501982981518181,0.538893716189116,0.521068114450273,0.486330240099531,0.45159236591096,0.416854491560218,0.382116617209477,0.354326317826186,0.350850556124487,0.347396345781391,0.343915743306429,0.340436096647999,0.336954535120516,0.333496734339647,0.330013254903919,0.312634077730081,0.277905665916309,0.243173898709885,0.20842756586212,0.173686776563825,0.138949809894052,0.104214529663131,0.0694788867417038,0.0347386765435858,0,0,0,0,0,0,0,0,0,0
0.462488728330505,0.474387411033515,0.496323272049287,0.506930811863393,0.523075440151442,0.588395326398877,0.647387353665523,0.930708816062627,0.985958289047828,0.926147622350129,0.402017966951802,0.359092295705852,0.302030992172625,0.26366928721174,0.20923460202664,0.146752290178811,0.0988519415698932,0.0893368851312497,0.0833827151530847,0.0774118028072724,0.0714565820137436,0.0654960918948365,0.060773350955865,0.0601131005572383,0.0595179212690423,0.0589227420935412,0.0583275629180401,0.0577323836298441,0.057137204454343,0.0565420252788419,0.0535661291759465,0.0476143370828508,0.0416625448770601,0.0357107527839644,0.0297589606908686,0.0238071684850779,0.0178553763919822,0.0119035842988864,0.00595179209309577,0,0,0,0,0,0,0,0,0,0
3.28943885176463,3.27086930564095,3.30868969308548,3.36886736699797,3.36903292133818,3.39260308659581,3.49242174434668,3.34524523215936,3.25171477240265,3.25573704022332,2.98974164958737,2.91623104666203,2.69816344990939,2.74864918081858,2.82621248067917,2.94577490251342,2.45455600107576,2.27867865457477,2.1529682323271,2.07429554992596,1.88891503919614,1.68298714115441,1.55295704173732,1.50423664688396,1.49413867997769,1.48412730341063,1.47279045483997,1.46165732181182,1.44993624233556,1.43811519231103,1.40331591763107,1.3239424174041,1.24969348947208,1.19580890379363,1.1234858289438,1.04457957855853,0.963457704121532,0.912148723855844,0.871489624702672,0.841970683650539,0.816222189617612,0.793599756678999,0.774104652500201,0.754521298222714,0.73461994258798,0.734597390385851,0.734230610146935,0.734262749836139,0.73438369592743
0.152909230339311,0.143746153166519,0.14432680086677,0.158369165097177,0.148149860454136,0.135469003119448,0.145325183285746,0.16965754447141,0.1733817307445,0.157166966545853,0.38424333871706,0.402185608240685,0.317243642520917,0.230150964730435,0.0569459046480231,-0.797362067692308,-0.348640811422222,-0.534640115488121,-0.678049122302158,-0.746505069526882,0,0,0,0,0,0,0,0,0,0,0,0,0,0,0,0,0,0,0,0,0,0,0,0,0,0,0,0,0
62.7199223485115,62.3848197982485,63.2199208107123,63.3418702786557,64.4004763572359,64.7921919234548,67.6699287386367,67.8329659164812,67.5159703061272,67.3625105806406,66.3008587407617,68.0328540199164,70.079903043027,71.8061833113468,72.5534751182983,73.253125218226,69.7768640680964,68.9541915756601,68.7611638852483,69.3334733616134,70.3354043462711,71.4900942482664,72.5207882025795,73.069797210511,73.1133519966269,73.1503929320403,73.18526510094,73.2159250459175,73.2425475190666,73.2653073423703,73.2842647798841,73.3259156781256,73.1919324127102,72.8680011687317,72.4740528865077,72.1298537970015,71.8290806193967,71.5053130056944,71.1626518025432,70.8051047217737,70.4369463809093,70.0620402052832,69.6848562446882,69.3092589652685,68.9394540501936,68.9394159307549,68.9393453477611,68.9394587283778,68.9394089450324
1.81357818652688,1.80842710626079,1.83473201967152,1.83067286654598,1.85263691205232,1.85723703415273,1.77441737829257,1.73386404559644,1.72999729678113,1.72915332495439,1.73730293192981,1.91277693214344,2.1620653167501,2.31719676270315,2.3726295062667,2.37105361787351,2.35546310820102,2.31005383446181,2.28394613748082,2.27655748077441,2.27244697232343,2.26960775838071,2.26627725603235,2.26213520322201,2.26144004183573,2.26080256872871,2.26009360284141,2.25930991137863,2.25858398921494,2.25785102166314,2.25711068890177,2.25328735319747,2.24490439372992,2.2352731989851,2.22407394752339,2.2109868179053,2.19613484934685,2.17980994139603,2.16227511894459,2.14379340688328,2.1246278301044,2.10504141349891,2.08529718195866,2.06565816037462,2.04638737363909,2.04638737363909,2.04638737363909,2.04638737363909,2.04638737363909
14.7476382821534,14.5244867604173,13.739617261307,13.5227511183639,13.4407702418707,13.2160569441333,10.8771505759523,5.85074695782051,5.33169744733698,5.28850978731166,4.84836103135514,3.80074570771021,2.89123781868102,2.69581959104986,2.68539030800124,2.73089991140657,2.45909594994799,2.28570140101743,2.14336150715847,2.00102161478034,1.85868172240221,1.71634182854325,1.60246991375224,1.58823592495868,1.57400193616512,1.55976794589072,1.54553395709716,1.5312999683036,1.5170659780292,1.50283198923564,1.43166204260232,1.28932214963186,1.14698225666139,1.00464236369093,0.862302470720468,0.719962577750004,0.577622684631458,0.435282791660994,0.292942898690531,0.150603005720068,0.150603005720068,0.150603005720068,0.150603005720068,0.150603005720068,0.150603005720068,0.150603005720068,0.150603005720068,0.150603005720068,0.150603005720068
157.501744107711,149.700731802099,157.06119124626,145.26482128317,137.746224125062,130.755752594334,118.294084968334,86.2291529010433,82.3969341193017,80.5794412594854,64.7219205473049,55.7495499725469,55.9282578853103,51.3325637308468,47.0144882687394,42.9306372569984,40.0575662619835,35.9881962580063,34.964530077683,33.9408638973597,32.9171977263859,31.8935315460626,31.0745986055438,30.9722319903163,30.8698653657394,30.7674987505119,30.6651321352844,30.5627655107074,30.46039889548,30.3580322802525,29.8461991947656,28.8225330144423,27.798866834119,26.7752006631452,25.7515344828219,24.7278683024987,23.7042021315249,22.6805359512016,21.6568697708783,20.6332035999045,20.6332035999045,20.6332035999045,20.6332035999045,20.6332035999045,20.6332035999045,20.6332035999045,20.6332035999045,20.6332035999045,20.6332035999045
35.0186503841902,34.1339656980135,36.8321632082806,35.0019038093669,34.225239474465,33.4051957982465,33.2184263209719,30.4436996837138,29.9546989943911,29.5259567342095,25.8745816546638,23.7732591177741,22.835102692114,21.0243195395735,19.3891340088005,18.0769797004464,16.1070207507272,14.8861487736204,14.2248639635048,13.5635791657226,12.9022943679403,12.2410095615247,11.7119817208323,11.6458532398207,11.5797247600425,11.5135962802643,11.4474677992527,11.3813393194745,11.3152108396963,11.2490823586847,10.9184399585603,10.2571551558447,9.59587035436245,8.93458555288021,8.27330075016463,7.61201594868239,6.95073114720015,6.28944634448457,5.62816154300233,4.96687674152009,4.96687674152009,4.96687674152009,4.96687674152009,4.96687674152009,4.96687674152009,4.96687674152009,4.96687674152009,4.96687674152009,4.96687674152009
12.8453395205274,12.4187288677256,12.095854678239,11.8367156331064,11.8533130567447,11.6246825554224,10.6003253291027,7.49883503805843,7.10960406421951,6.96233475468543,5.65344659641631,4.43750357236318,3.79986676760921,3.52729136542827,3.24549441370441,3.123864636283,2.91583511444894,2.72812389219452,2.58332390227294,2.438523911198,2.29372392127642,2.14892393020149,2.03308393780288,2.01860393961807,2.00412394027991,1.98964394094174,1.97516394160358,1.96068394341877,1.9462039440806,1.93172394474244,1.85932394920497,1.71452395928339,1.56972396820845,1.42492397828688,1.28012398721194,1.13532399717502,0.990524006676765,0.845724016293843,0.700924025795585,0.556124035297327,0.556124035297327,0.556124035297327,0.556124035297327,0.556124035297327,0.556124035297327,0.556124035297327,0.556124035297327,0.556124035297327,0.556124035297327
1.19215510216359,1.12579129922584,1.15979039521043,1.15437258699165,1.16241747998443,1.16833430348713,1.18630648843907,0.948394731142339,0.911667543667988,0.899520301173491,0.791183371998828,0.718071114612881,0.663642464259503,0.596139498235745,0.512395519928695,0.418708456394636,0.338584597348999,0.296869243601279,0.28611619166192,0.27536313972256,0.264610087783201,0.253857035843841,0.245254594269957,0.244179289143212,0.243103983904482,0.242028678665752,0.240953373539007,0.239878068300277,0.238802763173533,0.237727457934802,0.232350931965123,0.221597880025763,0.210844828086404,0.200091776147044,0.189338724207685,0.178585672268326,0.167832620328966,0.157079568389607,0.146326516450247,0.135573464510888,0.135573464510888,0.135573464510888,0.135573464510888,0.135573464510888,0.135573464510888,0.135573464510888,0.135573464510888,0.135573464510888,0.135573464510888
2.60442110048223,2.48303657183929,2.97159729134473,2.98043266733011,2.76710634785133,2.7637396836967,3.00879356026489,3.10817219636808,3.10610094992078,3.09229008497049,2.96786763267725,2.99431564020064,3.10642268069944,2.81181331193362,2.45155061280639,2.04746880244966,1.84646259037794,1.71054008296487,1.68044387574382,1.65034766852277,1.62025146247818,1.59015525525713,1.56607828995088,1.56306866899348,1.56005904803608,1.55704942707868,1.55403980729775,1.55103018634035,1.54802056538295,1.54501094442556,1.52996284081503,1.49986663477044,1.46977042754939,1.43967422032834,1.40957801428376,1.3794818070627,1.34938559984165,1.31928939379707,1.28919318657602,1.25909697935497,1.25909697935497,1.25909697935497,1.25909697935497,1.25909697935497,1.25909697935497,1.25909697935497,1.25909697935497,1.25909697935497,1.25909697935497
10.1424148137265,10.0883305889749,10.4505649110024,10.489448542881,10.493703353977,10.5603669356162,11.3209593905826,12.3213158066708,12.4118079196068,12.4861680832388,13.1473572691177,13.4630230676391,13.4015525876385,13.0696949776377,12.5398234174194,11.9484342108356,11.6868946231826,11.3375546280635,11.1674274366308,10.9973002451981,10.8271730516594,10.6570458602267,10.5209441062381,10.503931387516,10.486918668794,10.4699059500719,10.4528932313498,10.4358805105218,10.4188677917997,10.4018550730776,10.3167914773613,10.1466642859286,9.97653709238983,9.80640990095713,9.63628270952443,9.46615551809173,9.29602832455299,9.12590113312029,8.95577394168759,8.78564675025489,8.78564675025489,8.78564675025489,8.78564675025489,8.78564675025489,8.78564675025489,8.78564675025489,8.78564675025489,8.78564675025489,8.78564675025489
5.45467049840917,5.81257662955975,6.56217817462019,6.87547437181797,6.6507679489926,6.01842097295341,5.77283728748374,6.11372211576111,6.12740418386543,6.06241155664062,5.48043246593492,4.71051725159868,4.09422906964983,2.79016573700122,2.00559591432379,1.14808924721084,0.94021338518844,0.884087904087256,0.825155442224266,0.766226155315072,0.707289340557033,0.648283856725736,0.601088919533241,0.59419315648728,0.588310055747554,0.582426955279843,0.576543854812133,0.570660754072407,0.564777653604697,0.558894553136986,0.529479050254403,0.470648044761252,0.411817038996086,0.35229660765625,0.293580506470703,0.236554076992188,0.1774155578125,0.118277038632812,0.0591385191796875,0,0,0,0,0,0,0,0,0,0
1.65853396426526,1.78797296648045,2.01772768695164,1.84127726908577,1.27795024640631,1.12640619467824,1.03583088493246,0.933254361956693,0.935242739726027,0.923286953901414,0.825734261407579,0.698464686536485,0.583496626365055,0.427101695415008,0.330097176506115,0.195968478431784,0.165300349668069,0.155434944959022,0.145073450504318,0.134712341311134,0.124366929283341,0.114021704857929,0.105643407008086,0.104844965517241,0.103806896551724,0.102768827586207,0.10173075862069,0.100692689655172,0.0996546206896552,0.0986165517241379,0.0934262068965517,0.0830455172413793,0.0726648275862069,0.0622841379310345,0.0519034482758621,0.0415227586206897,0.0311420689655172,0.0207613793103448,0.0103806896551724,0,0,0,0,0,0,0,0,0,0
0.4092,0.4122,0.3531,0.3415,0.354,0.131242934571363,0.170593990789113,0.140858024334117,0.12757501708243,0.127186377059388,0.104364075035778,0.134004021542553,0.16834688598712,0.194207204424581,0.220868400084428,0.217720964450581,0.192723229654321,0.16099629024605,0.16125846345758,0.161153703195652,0.161266241205195,0.161373260036697,0.161452238880952,0.161155459241379,0.161159473293103,0.159965002293103,0.158765965913793,0.157561991327586,0.156353356396552,0.155139738413793,0.148999373586207,0.13634612762069,0.123173716603448,0.109453821465517,0.0951539376206897,0.0802384169482759,0.0646677493965517,0.0483985568275862,0.0313835499310345,0.0167191699655172,0.0167031172758621,0.0166849938103448,0.0166681040172414,0.0166520504482759,0.0166360927241379,0.0166360927241379,0.0166360927241379,0.0166360927241379,0.0166360927241379
5.17320811763846,4.52653147543804,4.41417673946499,4.47826554666311,4.60344746698592,4.67366554161695,2.89700709165949,1.12025981059426,0.50870892051371,0.468481566302088,0.106510196702343,0.0514999032414127,0.0204275274056029,0.0108727272727273,0.00550109589041096,0.00268364611260054,0,0,0,0,0,0,0,0,0,0,0,0,0,0,0,0,0,0,0,0,0,0,0,0,0,0,0,0,0,0,0,0,0
0.98978475,1.09956193157612,1.80726748462647,3.02562304022645,3.41411306124151,3.90883075299725,9.3042219138228,7.79438306350971,4.1436137330563,3.73413843146465,0.708933675572948,0.27097462449682,0.0865484247562242,0.0372386362960646,0.015336679086751,0.00617506899771791,0.00260156934594687,0,0,0,0,0,0,0,0,0,0,0,0,0,0,0,0,0,0,0,0,0,0,0,0,0,0,0,0,0,0,0,0
0,0.562466858942813,0.645726913339,0.751806694729792,0.857883111898304,0.955153641682122,1.17811892688762,1.06143889846314,1.08104188533665,1.02749990661527,0.586964569289143,0.331248070963939,0.20451610876415,0.188668612557185,0.176526203277602,0.170509797548942,0.173545141918978,0.160177542849455,0.149499040191091,0.138820536937927,0.128142034279564,0.1174635316212,0.108920729137629,0.107853278106242,0.106785096964779,0.105716922960684,0.104648755498777,0.103582264261469,0.102513109415177,0.101445617400961,0.0961059075248835,0.0854280568804934,0.0747493432070842,0.0640708847832208,0.0533929311583538,0.0427139304345608,0.0320354440644402,0.0213570254079911,0.0106785761791987,0,0,0,0,0,0,0,0,0,0
7.24910316568089,7.06640149527691,7.47797200368223,9.3429132899543,9.199000238179,9.27664978232588,19.1703929634203,81.1661392316141,90.9580180531686,92.790686057887,107.488588101271,94.7888204580595,78.3784983997395,78.0968023802042,72.5956963857521,64.510051147821,59.7454832927446,56.4395731242312,52.6769349069229,48.9142967166933,45.151658499385,41.3890202820767,38.3789097244772,38.0029413423682,37.6264635278174,37.25014979152,36.8738370486504,36.4979471473988,36.1217394516688,35.74496400719,33.8641318574267,30.1013234190876,26.3384339522861,22.5758988880689,18.8134363116244,15.0506805142067,11.2879738580436,7.5253014585492,3.76263235883098,0,0,0,0,0,0,0,0,0,0
73.4276830742037,69.9197898342343,73.8104550615417,83.402927203431,88.6078611462419,88.4350060786515,111.570601069282,168.525870830659,176.88824801901,171.032889577752,124.063593322316,85.9760958109045,65.1919527079202,59.0103625509308,52.4632417342983,48.4443229230085,47.7490660680332,46.8163833180753,43.6953120427403,40.5742151263886,37.453139837019,34.3320336112047,31.8351604945352,31.523037918302,31.2109382790895,30.8988251978517,30.5867176530501,30.2745981532121,29.9625064881149,29.6503911837272,28.0898399079682,24.9687450102831,21.8476504268209,18.7265617576449,15.6054657642768,12.4843722086419,9.36328128703553,6.24218746374919,3.12109340342898,0,0,0,0,0,0,0,0,0,0
5.87172255323142,6.24317160291406,7.08270006574054,7.80178453094933,7.65858547272954,7.17760935539792,11.6324119586814,32.1751665290565,35.648030735747,35.8446374298007,37.0041592967501,31.3865641497688,25.5588014518667,23.615805476266,21.0591267016099,18.9416320333355,17.9325880980169,16.9397689079844,15.8105360516249,14.6812995676255,13.5518936813464,12.4226191935328,11.5190420540467,11.4061977485941,11.2931951761071,11.1803782091296,11.0673765764933,10.9544947437786,10.8414332590781,10.7286367609733,10.1639311673281,9.03456574472112,7.90525088923559,6.77595707396563,5.64659603212411,4.5172640882461,3.38795944148508,2.25865476794703,1.12932018270503,0,0,0,0,0,0,0,0,0,0
0.797578318810866,0.865381641337386,1.10168859649123,1.4111439688716,1.83774888732724,2.10532576687117,2.76734739214424,4.50527443670521,4.7471964017991,4.71844661909136,4.29358607350097,3.21896618732997,2.41672278338945,2.05931596091205,1.63259259259259,1.22677966101695,0.911464968152866,0.820425531914894,0.765625,0.706081081081081,0.651854304635762,0.597662337662338,0.553630573248408,0.549015025041736,0.545626043405676,0.538848080133556,0.532070116861436,0.528681135225376,0.521903171953255,0.518514190317195,0.491402337228714,0.437178631051753,0.378933333333333,0.326153333333333,0.271681666666667,0.217548333333333,0.163076666666667,0.108424292845258,0.0543810316139767,0,0,0,0,0,0,0,0,0,0
0.0278692238356326,0.660690479917843,2.39057789843056,4.28321307212681,5.45075606555427,5.8015055535595,6.91431664467857,15.1223691640693,16.6225573214594,16.9692735999104,19.9717173699118,19.2232882372106,17.2846783091604,18.8767197901003,19.8818603299723,20.5355020300962,21.2682894852443,20.5650955171797,19.1940891472343,17.8230827836892,16.4520764137438,15.0810700437983,13.9842649516822,13.8471507970742,13.7100606211811,13.5729538565544,13.4358543098296,13.2987497307846,13.1616472104158,13.0245624053994,12.3390589869329,10.9680488479413,9.59704756184378,8.22604551593416,6.85502383492923,5.48402059969911,4.11302124027388,2.74200936258951,1.37100568596405,0,0,0,0,0,0,0,0,0,0
3.22599457012748,3.18168663478154,3.20320847467575,3.14900965008804,3.12849191013008,3.38904219391402,3.93179747920748,4.64631812489132,4.72564314140728,4.4132373968752,1.82731203407881,1.51151961283749,1.1582031256611,0.946977638015374,0.714198567867941,0.482052397572894,0.315734093102186,0.285333835848499,0.266313890885066,0.247294982788748,0.228263423961757,0.209245137391469,0.194017015813075,0.192219361070379,0.190316198840535,0.188413036971047,0.186509875101559,0.184606712871715,0.182703551002227,0.180800389132739,0.171284579064588,0.152252959288641,0.133221339152339,0.114189719376392,0.0951580996004454,0.0761264794641425,0.057094859688196,0.0380632399122494,0.0190316197759465,0,0,0,0,0,0,0,0,0,0
6.941897182,7.000377,7.167555545,7.541344364,7.810007727,8.076709636,9.099367636,10.11342518,9.98578390909091,10.121368974,10.3268699222432,11.2245739915993,11.7228241295728,12.1906876816114,12.5015819537475,12.2305368780816,11.1773340828828,10.3762582721319,9.80432526191693,9.44534220411769,8.60150507067288,7.66355412650334,7.0717533776745,6.84891614460539,6.80345513744331,6.75797867973438,6.70693415389486,6.65504151860714,6.60232732465858,6.54881811879616,6.38974804176685,6.02799622742922,5.68993278593325,5.44426999389747,5.11626634847446,4.75607450939696,4.38737032311636,4.15378495786661,3.96836678277129,3.83407603613103,3.7162742760567,3.61454303591015,3.52462757524206,3.435307023865,3.34464417895376,3.34464417895376,3.34464417895376,3.34464417895376,3.34464417895376
1.395251182,1.292459455,1.411972364,1.541677909,1.462435636,1.286363727,1.319373,1.242895364,1.201338049,0.961802096,0.885110055,0.889466167,0.786308769,0.590624512,0.136696535,-0.42023136,-0.603416789,-0.927110013,-1.17811035,-1.309905122,-1.047924097,-0.785943073,-0.576358253,-0.550160151,-0.523962049,-0.497763946,-0.471565844,-0.445367741,-0.419169639,-0.392971536,-0.261981024,0,0,0,0,0,0,0,0,0,0,0,0,0,0,0,0,0,0
310.1868098,312.8963787,322.2788312,328.1242242,338.9417722,346.3955546,370.8962528,388.0870173,388.0905727,388.0905727,389.885710369796,411.084063116461,437.803012471646,456.438097575784,462.777322057635,461.203927177936,455.726377800107,450.353138817474,449.092675096138,452.83087053895,459.374672702514,466.915998260491,473.646763894707,477.232741261832,477.517043360509,477.75888627842,477.986839537509,478.187534845434,478.361754253041,478.510279809125,478.633893565275,478.905657074414,478.030477733351,475.915398197714,473.342468408402,471.093738310646,469.129592166195,467.014978536186,464.776766614479,462.441825594899,460.037024671343,457.589233037564,455.12531988752,452.672154415021,450.256605813935,450.256605813935,450.256605813935,450.256605813935,450.256605813935
6.112229814,6.188009183,6.359556248,6.428305305,6.590470047,6.693579484,6.708375368,7.15293405,7.206761464,7.205451799,7.25863388180733,7.96641977294348,8.93015224346891,9.61277861119635,9.86398857698078,9.85636269726092,9.70269381580874,9.51577477605315,9.40839842159628,9.37801751832012,9.36075138319939,9.34910632142419,9.33558863816143,9.3183904411635,9.31562809309253,9.31270463860035,9.309768429619,9.30680583336562,9.30381553239204,9.30079620925608,9.29774654651282,9.28199702810616,9.24746498994682,9.2077910793505,9.16165785154135,9.10774786174391,9.04656794706261,8.97932053324802,8.90708910228932,8.83095713617149,8.75200811688592,8.67132552641852,8.58999284675883,8.50909355989279,8.42971114781176,8.42971114781176,8.42971114781176,8.42971114781176,8.42971114781176
55.66100151,56.04916643,55.68752236,57.6417237,60.34085189,62.58782672,58.24945527,42.1752528,40.10301896,40.04554775,39.52830682,33.30245475,26.69104358,23.0367611,20.98994759,19.2829321,16.60630291,15.43523938,14.47402444,13.51280951,12.55159458,11.59037964,10.82140769,10.7252862,10.62916471,10.53304321,10.43692172,10.34080023,10.24467873,10.14855724,9.667949772,8.706734838,7.745519904,6.78430497,5.823090036,4.861875102,3.900660167,2.939445233,1.978230299,1.017015365,1.017015365,1.017015365,1.017015365,1.017015365,1.017015365,1.017015365,1.017015365,1.017015365,1.017015365
886.5647302,881.6703956,970.7244172,944.7470786,945.5469501,950.5924444,953.2286303,892.8851464,882.5189619,879.2564144,849.8934867,796.7439794,731.2692655,653.7747616,577.6097427,500.6184377,428.446884,384.9213039,373.9724106,363.0235173,352.0746241,341.1257308,332.3666162,331.2717269,330.1768375,329.0819482,327.9870589,326.8921695,325.7972802,324.7023909,319.2279443,308.279051,297.3301577,286.3812645,275.4323712,264.4834779,253.5345847,242.5856914,231.6367981,220.6879049,220.6879049,220.6879049,220.6879049,220.6879049,220.6879049,220.6879049,220.6879049,220.6879049,220.6879049
195.3241582,196.1877828,218.4604141,214.4033914,216.6872834,218.7880648,224.6021121,220.5330716,218.8551347,218.4302047,214.6058346,208.8717357,197.1529845,179.6069539,162.3620867,146.5635657,130.5978594,120.6987505,115.3369708,109.9751912,104.6134116,99.25163193,94.96220823,94.42603026,93.8898523,93.35367434,92.81749637,92.28131841,91.74514045,91.20896248,88.52807267,83.16629303,77.8045134,72.44273377,67.08095413,61.7191745,56.35739487,50.99561523,45.6338356,40.27205597,40.27205597,40.27205597,40.27205597,40.27205597,40.27205597,40.27205597,40.27205597,40.27205597,40.27205597
41.26362178,41.37717554,41.89878327,42.68216556,44.5568559,45.62238086,47.31829704,45.53390398,45.08018703,44.89707177,43.24903442,38.99119677,35.55013357,32.49892678,29.29584675,27.42969086,25.28192549,23.65365291,22.39819354,21.14273416,19.88727479,18.63181541,17.62744791,17.50190198,17.37635604,17.2508101,17.12526416,16.99971823,16.87417229,16.74862635,16.12089666,14.86543729,13.60997791,12.35451854,11.09905916,9.843599789,8.588140414,7.33268104,6.077221665,4.82176229,4.82176229,4.82176229,4.82176229,4.82176229,4.82176229,4.82176229,4.82176229,4.82176229,4.82176229
7.457347232,7.591758769,8.046474187,8.241697598,8.542465507,8.840128386,9.665129376,9.002700023,8.821519134,8.741611203,8.022439822,7.273981058,6.332579691,5.536410377,4.671360021,3.790080811,3.023978488,2.650956545,2.554934899,2.458913253,2.362891607,2.266869961,2.190052644,2.18045048,2.170848315,2.16124615,2.151643986,2.142041821,2.132439657,2.122837492,2.074826669,1.978805023,1.882783377,1.786761731,1.690740085,1.594718439,1.498696793,1.402675147,1.306653501,1.210631855,1.210631855,1.210631855,1.210631855,1.210631855,1.210631855,1.210631855,1.210631855,1.210631855,1.210631855
27.9819784,27.87799844,33.80824329,34.36218135,32.33033041,32.72399071,34.61053251,33.68101532,33.41476309,33.24738459,31.74097811,29.71473396,26.86687298,24.08939341,21.12855895,18.12670106,15.69485315,14.53966565,14.28384657,14.02802749,13.77220842,13.51638934,13.31173408,13.28615217,13.26057026,13.23498835,13.20940645,13.18382454,13.15824263,13.13266072,13.00475118,12.74893211,12.49311303,12.23729395,11.98147488,11.7256558,11.46983672,11.21401765,10.95819857,10.70237949,10.70237949,10.70237949,10.70237949,10.70237949,10.70237949,10.70237949,10.70237949,10.70237949,10.70237949
44.89025595,45.05520879,47.00430786,47.50972049,47.85824628,48.49222039,51.4248594,54.92807919,55.22016011,55.66544944,59.67305346,62.08868345,62.6139856,61.90028286,60.00609509,57.57074784,55.49282301,53.83376923,53.02595941,52.21814959,51.41033976,50.60252994,49.95628208,49.8755011,49.79472012,49.71393914,49.63315816,49.55237717,49.47159619,49.39081521,48.9869103,48.17910048,47.37129065,46.56348083,45.75567101,44.94786119,44.14005136,43.33224154,42.52443172,41.7166219,41.7166219,41.7166219,41.7166219,41.7166219,41.7166219,41.7166219,41.7166219,41.7166219,41.7166219
9.9231457,10.593275,11.982167,12.579882,12.194883,11.060838,10.48947,10.7981408,10.780201,10.775021,10.728401,10.145207,9.461613,7.5863302,6.2791422,3.8900642,3.4500683,3.2441702,3.027892187,2.811614173,2.59533616,2.379058147,2.206035736,2.184407935,2.162780133,2.141152332,2.119524531,2.097896729,2.076268928,2.054641127,1.94650212,1.730224107,1.513946093,1.29766808,1.081390067,0.865112053,0.64883404,0.432556027,0.216278013,0,0,0,0,0,0,0,0,0,0
2.8153943,3.0480682,3.4534372,3.16329,2.2029533,1.9480504,1.7742176,1.5596,1.557,1.55626,1.5496,1.4653,1.3666,1.0957,0.9069,0.5619,0.4983,0.4686,0.43736,0.40612,0.37488,0.34364,0.318648,0.315524,0.3124,0.309276,0.306152,0.303028,0.299904,0.29678,0.28116,0.24992,0.21868,0.18744,0.1562,0.12496,0.09372,0.06248,0.03124,0,0,0,0,0,0,0,0,0,0
0.4624,0.4651,0.4058,0.3939,0.4062,0.148985858,0.193624802,0.159848597,0.144768204,0.144329243,0.118455874,0.15206895,0.191215324,0.220484712,0.25074091,0.247181557,0.218839929,0.182641118,0.182878289,0.183038774,0.183148976,0.183225889,0.183270109,0.183274836,0.183279401,0.181920983,0.180557373,0.179188147,0.177813621,0.176433428,0.169450268,0.155060302,0.140079913,0.124476895,0.108214282,0.091251533,0.073543715,0.055041496,0.035691096,0.019013958,0.018995702,0.018975091,0.018955883,0.018937626,0.018919478,0.018919478,0.018919478,0.018919478,0.018919478
9.2978389,8.9840003,9.7208997,11.005369,12.712613,14.626529,11.247607,5.05242,2.6941,2.48112,0.5643,0.2726,0.1082,0.0575,0.0291,0.0143,0.0071,0,0,0,0,0,0,0,0,0,0,0,0,0,0,0,0,0,0,0,0,0,0,0,0,0,0,0,0,0,0,0,0
1.41,1.65,2.8,4.79,5.49,6.36,15.9,13.5,7.18,6.61,1.5,0.726,0.288,0.153,0.0775,0.0381,0.0189,0,0,0,0,0,0,0,0,0,0,0,0,0,0,0,0,0,0,0,0,0,0,0,0,0,0,0,0,0,0,0,0
0.57423278,0.63867332,0.73327062,0.85366012,0.97410928,1.0845927,1.3375544,1.276854,1.3081675,1.254602996,0.77252246,0.49291132,0.35807908,0.33118631,0.30834587,0.29373291,0.29176814,0.2692961,0.251343027,0.233389953,0.21543688,0.197483807,0.183121348,0.181326041,0.179530733,0.177735426,0.175940119,0.174144811,0.172349504,0.170554197,0.16157766,0.143624587,0.125671513,0.10771844,0.089765367,0.071812293,0.05385922,0.035906147,0.017953073,0,0,0,0,0,0,0,0,0,0
10.640667,11.075295,12.214474,15.640539,15.758879,16.143675,35.069515,157.081288,176.65396,181.708385,227.19821,215.71642,190.35522,204.22963,211.74701,214.85914,220.63457,208.42816,194.5329493,180.6377387,166.742528,152.8473173,141.7311488,140.3416277,138.9521067,137.5625856,136.1730645,134.7835435,133.3940224,132.0045013,125.056896,111.1616853,97.26647467,83.371264,69.47605333,55.58084267,41.685632,27.79042133,13.89521067,0,0,0,0,0,0,0,0,0,0
99.657424,96.243251,102.73275,117.40605,125.65071,126.49199,165.044,254.12644,267.1697,261.75265,212.9992,164.6281,135.7388,138.6867,141.4817,146.5389,156.7853,153.7228,143.4746133,133.2264267,122.97824,112.7300533,104.531504,103.5066853,102.4818667,101.457048,100.4322293,99.40741067,98.382592,97.35777333,92.23368,81.98549333,71.73730667,61.48912,51.24093333,40.99274667,30.74456,20.49637333,10.24818667,0,0,0,0,0,0,0,0,0,0
8.5987563,9.8521252,11.617585,13.114832,13.097501,12.434284,20.460881,57.94764,64.3393,66.04767,81.423,80.1672,72.147,77.8515,82.0673,84.1552,86.3431,81.5636,76.12602667,70.68845333,65.25088,59.81330667,55.463248,54.91949067,54.37573333,53.831976,53.28821867,52.74446133,52.200704,51.65694667,48.93816,43.50058667,38.06301333,32.62544,27.18786667,21.75029333,16.31272,10.87514667,5.437573333,0,0,0,0,0,0,0,0,0,0
0.863,0.943,1.21,1.56,2.05,2.37,3.18,5.27,5.67,5.65,5.43,4.35,3.53,3.31,3.04,2.82,2.7,2.41,2.25,2.09,1.93,1.77,1.64,1.62,1.61,1.59,1.57,1.56,1.54,1.53,1.45,1.29,1.12,0.964,0.803,0.643,0.482,0.321,0.161,0,0,0,0,0,0,0,0,0,0
0.034006926,0.80619906,2.9170651,5.226518,6.6512131,7.0791974,8.7778712,19.6360648,21.612956,22.1511087,26.994483,26.869016,24.91547,27.843954,29.932245,31.353172,33.229689,32.131009,29.98894173,27.84687447,25.7048072,23.56273993,21.84908612,21.63487939,21.42067267,21.20646594,20.99225921,20.77805249,20.56384576,20.34963903,19.2786054,17.13653813,14.99447087,12.8524036,10.71033633,8.568269067,6.4262018,4.284134533,2.142067267,0,0,0,0,0,0,0,0,0,0
5.2735332,5.3282102,5.4976481,5.5417194,5.6480085,6.2799143,7.2759031,8.11256,8.1357,7.66123,3.391,3.0215,2.4938,2.1975,1.7759,1.2753,0.8766,0.7922,0.739386667,0.686573333,0.63376,0.580946667,0.538696,0.533414667,0.528133333,0.522852,0.517570667,0.512289333,0.507008,0.501726667,0.47532,0.422506667,0.369693333,0.31688,0.264066667,0.211253333,0.15844,0.105626667,0.052813333,0,0,0,0,0,0,0,0,0,0
